
#Time	Voltage
-0.0002	0.0
-0.0001998	0.2
-0.0001996	0.2
-0.00019940000000000002	0.2
-0.00019920000000000002	0.0
-0.000199	0.0
-0.0001988	0.4
-0.0001986	0.4
-0.0001984	0.6000000000000001
-0.00019820000000000002	0.6000000000000001
-0.00019800000000000002	0.4
-0.0001978	0.4
-0.0001976	0.4
-0.0001974	0.4
-0.00019720000000000002	0.4
-0.00019700000000000002	0.4
-0.0001968	0.4
-0.0001966	0.4
-0.0001964	0.6000000000000001
-0.0001962	0.6000000000000001
-0.00019600000000000002	0.4
-0.00019580000000000002	0.2
-0.0001956	0.4
-0.0001954	0.4
-0.0001952	0.2
-0.00019500000000000002	0.4
-0.00019480000000000002	0.2
-0.00019460000000000001	0.2
-0.0001944	0.2
-0.0001942	0.2
-0.000194	0.2
-0.00019380000000000002	0.2
-0.00019360000000000002	0.2
-0.0001934	0.2
-0.0001932	0.2
-0.000193	0.2
-0.0001928	0.4
-0.00019260000000000002	0.0
-0.00019240000000000001	0.0
-0.0001922	0.4
-0.000192	0.2
-0.0001918	0.2
-0.00019160000000000002	0.4
-0.00019140000000000002	0.4
-0.0001912	0.2
-0.000191	0.2
-0.0001908	0.4
-0.0001906	0.4
-0.00019040000000000002	0.0
-0.00019020000000000002	0.0
-0.00019	0.2
-0.0001898	0.2
-0.0001896	0.4
-0.0001894	0.2
-0.00018920000000000002	0.4
-0.000189	0.2
-0.0001888	0.6000000000000001
-0.0001886	0.4
-0.0001884	0.4
-0.00018820000000000002	0.4
-0.00018800000000000002	0.6000000000000001
-0.0001878	0.4
-0.0001876	0.2
-0.0001874	0.4
-0.0001872	0.0
-0.00018700000000000002	0.2
-0.00018680000000000001	0.4
-0.0001866	0.4
-0.0001864	0.4
-0.0001862	0.2
-0.00018600000000000002	0.6000000000000001
-0.00018580000000000002	0.2
-0.0001856	0.2
-0.0001854	0.2
-0.0001852	0.2
-0.000185	0.2
-0.00018480000000000002	0.4
-0.00018460000000000001	0.4
-0.0001844	0.4
-0.0001842	0.4
-0.000184	0.4
-0.00018380000000000002	0.6000000000000001
-0.00018360000000000002	0.4
-0.0001834	0.8
-0.0001832	0.4
-0.000183	0.6000000000000001
-0.0001828	0.4
-0.00018260000000000002	0.6000000000000001
-0.00018240000000000002	0.6000000000000001
-0.0001822	0.4
-0.000182	0.2
-0.0001818	0.2
-0.00018160000000000002	0.2
-0.00018140000000000002	0.0
-0.0001812	0.2
-0.000181	0.2
-0.0001808	0.2
-0.0001806	0.2
-0.00018040000000000002	0.2
-0.00018020000000000002	0.2
-0.00018	0.6000000000000001
-0.0001798	0.2
-0.0001796	0.4
-0.00017940000000000002	0.0
-0.00017920000000000002	0.2
-0.00017900000000000001	0.2
-0.0001788	0.2
-0.0001786	0.6000000000000001
-0.0001784	0.2
-0.00017820000000000002	0.2
-0.00017800000000000002	0.2
-0.0001778	0.0
-0.0001776	0.4
-0.0001774	0.2
-0.00017720000000000002	0.0
-0.00017700000000000002	0.2
-0.00017680000000000001	0.4
-0.0001766	0.2
-0.0001764	0.2
-0.0001762	0.4
-0.000176	0.2
-0.00017580000000000002	0.2
-0.0001756	0.2
-0.0001754	0.2
-0.0001752	0.2
-0.00017500000000000003	0.2
-0.00017480000000000002	0.0
-0.00017460000000000002	0.4
-0.0001744	0.4
-0.0001742	0.2
-0.000174	0.2
-0.0001738	0.0
-0.00017360000000000002	0.4
-0.0001734	0.0
-0.0001732	0.2
-0.000173	0.4
-0.00017280000000000003	0.4
-0.00017260000000000002	0.4
-0.00017240000000000002	0.4
-0.0001722	0.6000000000000001
-0.000172	0.6000000000000001
-0.0001718	0.6000000000000001
-0.0001716	0.6000000000000001
-0.00017140000000000002	0.8
-0.00017120000000000001	0.6000000000000001
-0.000171	0.8
-0.0001708	0.8
-0.0001706	0.6000000000000001
-0.00017040000000000002	0.4
-0.00017020000000000002	0.6000000000000001
-0.00017	0.6000000000000001
-0.0001698	0.6000000000000001
-0.0001696	0.4
-0.0001694	0.4
-0.00016920000000000002	0.2
-0.00016900000000000002	0.4
-0.0001688	0.6000000000000001
-0.0001686	0.4
-0.00016840000000000003	0.6000000000000001
-0.00016820000000000002	0.6000000000000001
-0.00016800000000000002	0.4
-0.0001678	0.4
-0.0001676	0.6000000000000001
-0.0001674	0.4
-0.0001672	0.6000000000000001
-0.00016700000000000002	0.4
-0.00016680000000000002	0.4
-0.0001666	0.6000000000000001
-0.0001664	0.2
-0.0001662	0.8
-0.00016600000000000002	0.6000000000000001
-0.00016580000000000002	0.6000000000000001
-0.00016560000000000001	0.6000000000000001
-0.0001654	0.2
-0.0001652	0.4
-0.000165	0.2
-0.0001648	0.4
-0.00016460000000000002	0.4
-0.0001644	0.6000000000000001
-0.0001642	0.4
-0.000164	0.4
-0.00016380000000000002	0.4
-0.00016360000000000002	0.4
-0.00016340000000000001	0.2
-0.0001632	0.4
-0.000163	0.4
-0.0001628	0.2
-0.0001626	0.4
-0.00016240000000000002	0.4
-0.0001622	0.0
-0.000162	0.4
-0.0001618	0.4
-0.00016160000000000002	0.0
-0.00016140000000000002	0.2
-0.00016120000000000002	0.0
-0.000161	0.2
-0.0001608	0.2
-0.0001606	0.0
-0.0001604	0.0
-0.00016020000000000002	0.0
-0.00016	0.0
-0.0001598	0.0
-0.0001596	0.2
-0.00015940000000000003	0.2
-0.00015920000000000002	0.4
-0.00015900000000000002	0.4
-0.0001588	0.4
-0.0001586	0.2
-0.0001584	0.2
-0.0001582	0.2
-0.00015800000000000002	0.0
-0.00015780000000000001	0.2
-0.0001576	0.0
-0.0001574	0.4
-0.00015720000000000003	0.4
-0.00015700000000000002	0.2
-0.00015680000000000002	0.2
-0.0001566	0.2
-0.0001564	0.0
-0.0001562	0.0
-0.000156	0.2
-0.00015580000000000002	0.2
-0.00015560000000000001	0.0
-0.0001554	0.2
-0.0001552	0.2
-0.00015500000000000003	0.2
-0.00015480000000000002	0.2
-0.00015460000000000002	0.0
-0.0001544	0.2
-0.0001542	0.2
-0.000154	0.2
-0.0001538	0.2
-0.00015360000000000002	0.2
-0.00015340000000000002	0.4
-0.0001532	0.2
-0.000153	0.2
-0.00015280000000000003	0.2
-0.00015260000000000002	0.0
-0.00015240000000000002	0.4
-0.0001522	0.2
-0.000152	0.4
-0.0001518	0.2
-0.0001516	0.2
-0.00015140000000000002	0.2
-0.00015120000000000002	0.4
-0.000151	0.2
-0.0001508	0.2
-0.00015060000000000003	0.2
-0.00015040000000000002	0.2
-0.00015020000000000002	0.4
-0.00015000000000000001	0.2
-0.0001498	0.2
-0.0001496	0.2
-0.0001494	0.2
-0.00014920000000000002	0.2
-0.00014900000000000002	0.4
-0.0001488	0.2
-0.0001486	0.6000000000000001
-0.0001484	0.4
-0.00014820000000000002	0.4
-0.00014800000000000002	0.2
-0.00014780000000000001	0.4
-0.0001476	0.2
-0.0001474	0.4
-0.0001472	0.2
-0.000147	0.4
-0.00014680000000000002	0.4
-0.0001466	0.4
-0.0001464	0.4
-0.0001462	0.0
-0.00014600000000000003	0.2
-0.00014580000000000002	0.6000000000000001
-0.00014560000000000002	0.2
-0.0001454	0.2
-0.0001452	0.4
-0.000145	0.4
-0.0001448	0.4
-0.00014460000000000002	0.4
-0.0001444	0.2
-0.0001442	0.2
-0.000144	0.2
-0.00014380000000000003	0.2
-0.00014360000000000002	0.4
-0.00014340000000000002	0.4
-0.0001432	0.4
-0.000143	0.6000000000000001
-0.0001428	0.6000000000000001
-0.0001426	0.6000000000000001
-0.00014240000000000002	0.4
-0.00014220000000000001	0.8
-0.000142	0.6000000000000001
-0.0001418	0.2
-0.00014160000000000003	0.4
-0.00014140000000000002	0.4
-0.00014120000000000002	0.4
-0.000141	0.4
-0.0001408	0.4
-0.0001406	0.2
-0.0001404	0.6000000000000001
-0.00014020000000000002	0.4
-0.00014000000000000001	0.2
-0.0001398	0.2
-0.0001396	0.2
-0.00013940000000000003	0.6000000000000001
-0.00013920000000000002	0.2
-0.00013900000000000002	0.6000000000000001
-0.0001388	0.4
-0.0001386	0.4
-0.0001384	0.2
-0.0001382	0.2
-0.000138	0.4
-0.00013780000000000002	0.4
-0.0001376	0.4
-0.0001374	0.2
-0.00013720000000000003	0.2
-0.00013700000000000002	0.2
-0.00013680000000000002	0.4
-0.0001366	0.0
-0.0001364	0.2
-0.0001362	0.4
-0.000136	0.4
-0.0001358	0.2
-0.00013560000000000002	0.2
-0.0001354	0.2
-0.0001352	0.2
-0.00013500000000000003	0.2
-0.00013480000000000002	0.4
-0.00013460000000000002	0.0
-0.00013440000000000001	0.4
-0.0001342	0.4
-0.000134	0.4
-0.0001338	0.6000000000000001
-0.0001336	0.4
-0.00013340000000000002	0.4
-0.0001332	0.4
-0.000133	0.4
-0.00013280000000000003	0.6000000000000001
-0.00013260000000000002	0.4
-0.00013240000000000002	0.4
-0.00013220000000000001	0.6000000000000001
-0.000132	0.2
-0.0001318	0.4
-0.0001316	0.4
-0.0001314	0.6000000000000001
-0.00013120000000000002	0.6000000000000001
-0.000131	0.4
-0.0001308	0.4
-0.00013060000000000003	0.4
-0.00013040000000000003	0.4
-0.00013020000000000002	0.4
-0.00013000000000000002	0.4
-0.0001298	0.2
-0.0001296	0.2
-0.0001294	0.2
-0.0001292	0.4
-0.00012900000000000002	0.2
-0.00012880000000000001	0.2
-0.0001286	0.2
-0.00012840000000000003	0.4
-0.00012820000000000003	0.0
-0.00012800000000000002	0.6000000000000001
-0.00012780000000000002	0.2
-0.0001276	0.4
-0.0001274	0.2
-0.0001272	0.4
-0.000127	0.4
-0.00012680000000000002	0.2
-0.00012660000000000001	0.2
-0.0001264	0.2
-0.00012620000000000003	0.4
-0.00012600000000000003	0.2
-0.00012580000000000002	0.4
-0.00012560000000000002	0.2
-0.0001254	0.4
-0.0001252	0.2
-0.000125	0.4
-0.0001248	0.4
-0.0001246	0.2
-0.00012440000000000002	0.2
-0.0001242	0.4
-0.00012400000000000003	0.4
-0.00012380000000000003	0.4
-0.00012360000000000002	0.4
-0.00012340000000000002	0.2
-0.0001232	0.4
-0.000123	0.4
-0.0001228	0.4
-0.0001226	0.4
-0.0001224	0.4
-0.00012220000000000002	0.2
-0.00012200000000000001	0.2
-0.00012180000000000002	0.4
-0.00012160000000000001	0.2
-0.00012140000000000001	0.2
-0.00012120000000000002	0.4
-0.00012100000000000001	0.0
-0.00012080000000000001	0.2
-0.00012060000000000002	0.2
-0.00012040000000000001	0.2
-0.00012020000000000001	0.0
-0.00012000000000000002	0.2
-0.00011980000000000001	0.4
-0.00011960000000000001	0.4
-0.00011940000000000002	0.4
-0.00011920000000000001	0.6000000000000001
-0.00011900000000000002	0.6000000000000001
-0.00011880000000000001	0.4
-0.00011860000000000001	0.6000000000000001
-0.00011840000000000002	0.4
-0.00011820000000000001	0.4
-0.00011800000000000001	0.6000000000000001
-0.00011780000000000002	0.6000000000000001
-0.00011760000000000001	0.4
-0.00011740000000000001	0.4
-0.00011720000000000002	0.6000000000000001
-0.00011700000000000001	0.4
-0.00011680000000000002	0.4
-0.00011660000000000002	0.4
-0.00011640000000000001	0.2
-0.00011620000000000002	0.4
-0.00011600000000000001	0.4
-0.00011580000000000001	0.6000000000000001
-0.00011560000000000002	0.4
-0.00011540000000000001	0.4
-0.00011520000000000001	0.6000000000000001
-0.00011500000000000002	0.6000000000000001
-0.00011480000000000001	0.4
-0.00011460000000000001	0.6000000000000001
-0.00011440000000000002	0.4
-0.00011420000000000001	0.4
-0.00011400000000000002	0.4
-0.00011380000000000001	0.4
-0.00011360000000000001	0.4
-0.00011340000000000002	0.2
-0.00011320000000000001	0.4
-0.00011300000000000001	0.4
-0.00011280000000000002	0.4
-0.00011260000000000001	0.2
-0.00011240000000000001	0.4
-0.00011220000000000002	0.4
-0.00011200000000000001	0.4
-0.00011180000000000001	0.4
-0.00011160000000000002	0.2
-0.00011140000000000001	0.4
-0.00011120000000000002	0.0
-0.00011100000000000001	0.2
-0.00011080000000000001	0.2
-0.00011060000000000002	0.4
-0.00011040000000000001	0.4
-0.00011020000000000001	0.2
-0.00011000000000000002	0.4
-0.00010980000000000001	0.2
-0.00010960000000000001	0.0
-0.00010940000000000002	0.2
-0.00010920000000000001	0.4
-0.00010900000000000002	0.2
-0.00010880000000000002	0.4
-0.00010860000000000001	0.2
-0.00010840000000000002	0.2
-0.00010820000000000001	0.0
-0.00010800000000000001	0.0
-0.00010780000000000002	0.2
-0.00010760000000000001	0.2
-0.00010740000000000001	0.2
-0.00010720000000000002	0.2
-0.00010700000000000001	0.2
-0.00010680000000000001	0.2
-0.00010660000000000002	0.2
-0.00010640000000000001	0.2
-0.00010620000000000002	0.4
-0.00010600000000000002	0.2
-0.00010580000000000001	0.2
-0.00010560000000000002	0.2
-0.00010540000000000001	0.4
-0.00010520000000000001	0.4
-0.00010500000000000002	0.4
-0.00010480000000000001	0.2
-0.00010460000000000001	0.2
-0.00010440000000000002	0.2
-0.00010420000000000001	0.4
-0.00010400000000000001	0.2
-0.00010380000000000002	0.6000000000000001
-0.00010360000000000001	0.4
-0.00010340000000000002	0.4
-0.00010320000000000001	0.8
-0.00010300000000000001	0.4
-0.00010280000000000002	0.4
-0.00010260000000000001	0.6000000000000001
-0.00010240000000000001	0.6000000000000001
-0.00010220000000000002	0.4
-0.00010200000000000001	0.4
-0.00010180000000000001	0.4
-0.00010160000000000002	0.4
-0.00010140000000000001	0.6000000000000001
-0.00010120000000000002	0.4
-0.00010100000000000002	0.6000000000000001
-0.00010080000000000001	0.6000000000000001
-0.00010060000000000002	0.2
-0.00010040000000000001	0.4
-0.00010020000000000001	0.4
-0.00010000000000000002	0.2
-9.980000000000001e-05	0.6000000000000001
-9.960000000000001e-05	0.4
-9.940000000000002e-05	0.4
-9.920000000000001e-05	0.2
-9.900000000000001e-05	0.2
-9.880000000000002e-05	0.2
-9.860000000000001e-05	0.0
-9.840000000000002e-05	0.4
-9.820000000000002e-05	0.0
-9.800000000000001e-05	0.2
-9.780000000000002e-05	0.2
-9.760000000000001e-05	0.2
-9.740000000000001e-05	0.2
-9.720000000000002e-05	0.4
-9.700000000000001e-05	0.4
-9.680000000000001e-05	0.2
-9.660000000000002e-05	0.6000000000000001
-9.640000000000001e-05	0.4
-9.620000000000002e-05	0.2
-9.600000000000002e-05	0.4
-9.580000000000001e-05	0.4
-9.560000000000002e-05	0.2
-9.540000000000001e-05	0.4
-9.520000000000001e-05	0.4
-9.500000000000002e-05	0.2
-9.480000000000001e-05	0.6000000000000001
-9.460000000000001e-05	0.2
-9.440000000000002e-05	0.2
-9.420000000000001e-05	0.2
-9.400000000000001e-05	0.4
-9.380000000000002e-05	0.2
-9.360000000000001e-05	0.4
-9.340000000000002e-05	0.2
-9.320000000000002e-05	0.2
-9.300000000000001e-05	0.6000000000000001
-9.280000000000002e-05	0.4
-9.260000000000001e-05	0.4
-9.240000000000001e-05	0.4
-9.220000000000002e-05	0.2
-9.200000000000001e-05	0.4
-9.180000000000001e-05	0.2
-9.160000000000002e-05	0.2
-9.140000000000001e-05	0.2
-9.120000000000002e-05	0.0
-9.100000000000002e-05	0.4
-9.080000000000001e-05	0.4
-9.060000000000002e-05	0.6000000000000001
-9.040000000000002e-05	0.4
-9.020000000000001e-05	0.2
-9.000000000000002e-05	0.6000000000000001
-8.980000000000001e-05	0.6000000000000001
-8.960000000000001e-05	0.6000000000000001
-8.940000000000002e-05	0.4
-8.920000000000001e-05	0.2
-8.900000000000001e-05	0.4
-8.880000000000002e-05	0.4
-8.860000000000001e-05	0.0
-8.840000000000002e-05	0.2
-8.820000000000002e-05	0.2
-8.800000000000001e-05	0.0
-8.780000000000002e-05	0.2
-8.760000000000002e-05	0.2
-8.740000000000001e-05	0.2
-8.720000000000002e-05	0.2
-8.700000000000001e-05	0.4
-8.680000000000001e-05	0.2
-8.660000000000002e-05	0.2
-8.640000000000001e-05	0.2
-8.620000000000001e-05	0.0
-8.600000000000002e-05	0.0
-8.580000000000001e-05	0.4
-8.560000000000002e-05	0.2
-8.540000000000002e-05	0.4
-8.520000000000001e-05	0.4
-8.500000000000002e-05	0.2
-8.480000000000001e-05	0.0
-8.460000000000001e-05	0.2
-8.440000000000002e-05	0.2
-8.420000000000001e-05	0.2
-8.400000000000001e-05	0.4
-8.380000000000002e-05	0.0
-8.360000000000001e-05	0.4
-8.340000000000002e-05	0.2
-8.320000000000002e-05	0.2
-8.300000000000001e-05	0.2
-8.280000000000002e-05	0.4
-8.260000000000002e-05	0.2
-8.240000000000001e-05	0.0
-8.220000000000002e-05	0.0
-8.200000000000001e-05	0.0
-8.180000000000001e-05	0.2
-8.160000000000002e-05	0.2
-8.140000000000001e-05	0.0
-8.120000000000001e-05	0.0
-8.100000000000002e-05	0.4
-8.080000000000001e-05	0.4
-8.060000000000002e-05	0.2
-8.040000000000002e-05	0.2
-8.020000000000001e-05	0.4
-8.000000000000002e-05	0.4
-7.980000000000002e-05	0.6000000000000001
-7.960000000000001e-05	0.4
-7.940000000000002e-05	0.2
-7.920000000000001e-05	0.2
-7.900000000000001e-05	0.4
-7.880000000000002e-05	0.2
-7.860000000000001e-05	0.2
-7.840000000000001e-05	0.2
-7.820000000000002e-05	0.4
-7.800000000000001e-05	0.4
-7.780000000000002e-05	0.2
-7.760000000000002e-05	0.6000000000000001
-7.740000000000001e-05	0.8
-7.72e-05	0.8
-7.700000000000003e-05	0.6000000000000001
-7.680000000000002e-05	0.6000000000000001
-7.660000000000002e-05	0.6000000000000001
-7.640000000000001e-05	0.6000000000000001
-7.620000000000001e-05	0.6000000000000001
-7.6e-05	0.6000000000000001
-7.580000000000003e-05	0.4
-7.560000000000002e-05	0.4
-7.540000000000002e-05	0.4
-7.520000000000001e-05	0.4
-7.500000000000001e-05	0.6000000000000001
-7.48e-05	0.6000000000000001
-7.460000000000002e-05	0.6000000000000001
-7.440000000000002e-05	0.4
-7.420000000000001e-05	0.6000000000000001
-7.400000000000001e-05	0.4
-7.38e-05	0.4
-7.360000000000003e-05	0.4
-7.340000000000002e-05	0.4
-7.320000000000002e-05	0.4
-7.300000000000001e-05	0.4
-7.280000000000001e-05	0.2
-7.26e-05	0.4
-7.240000000000003e-05	0.4
-7.220000000000002e-05	0.4
-7.200000000000002e-05	0.2
-7.180000000000001e-05	0.2
-7.16e-05	0.2
-7.140000000000003e-05	0.4
-7.120000000000002e-05	0.4
-7.100000000000002e-05	0.2
-7.080000000000001e-05	0.4
-7.060000000000001e-05	0.4
-7.04e-05	0.4
-7.020000000000003e-05	0.2
-7.000000000000002e-05	0.4
-6.980000000000002e-05	0.6000000000000001
-6.960000000000001e-05	0.2
-6.94e-05	0.4
-6.920000000000003e-05	0.2
-6.900000000000002e-05	0.2
-6.880000000000002e-05	0.0
-6.860000000000001e-05	0.4
-6.840000000000001e-05	0.2
-6.82e-05	0.2
-6.800000000000003e-05	0.0
-6.780000000000002e-05	0.4
-6.760000000000002e-05	0.2
-6.740000000000001e-05	0.2
-6.720000000000001e-05	0.2
-6.7e-05	0.2
-6.680000000000002e-05	0.2
-6.660000000000002e-05	0.2
-6.640000000000001e-05	0.2
-6.620000000000001e-05	0.0
-6.6e-05	0.2
-6.580000000000003e-05	0.2
-6.560000000000002e-05	0.0
-6.540000000000002e-05	0.2
-6.520000000000001e-05	0.2
-6.500000000000001e-05	0.4
-6.48e-05	0.2
-6.460000000000003e-05	0.4
-6.440000000000002e-05	0.4
-6.420000000000002e-05	0.4
-6.400000000000001e-05	0.4
-6.38e-05	0.4
-6.360000000000003e-05	0.4
-6.340000000000002e-05	0.4
-6.320000000000002e-05	0.2
-6.300000000000001e-05	0.4
-6.280000000000001e-05	0.4
-6.26e-05	0.0
-6.240000000000003e-05	0.2
-6.220000000000002e-05	0.2
-6.200000000000002e-05	0.2
-6.180000000000001e-05	0.6000000000000001
-6.16e-05	0.2
-6.140000000000003e-05	0.2
-6.120000000000002e-05	0.4
-6.100000000000002e-05	0.2
-6.0800000000000014e-05	0.4
-6.060000000000001e-05	0.4
-6.0400000000000004e-05	0.4
-6.020000000000003e-05	0.4
-6.000000000000002e-05	0.4
-5.980000000000002e-05	0.6000000000000001
-5.960000000000001e-05	0.4
-5.940000000000001e-05	0.4
-5.92e-05	0.6000000000000001
-5.9000000000000025e-05	0.4
-5.880000000000002e-05	0.8
-5.8600000000000015e-05	0.6000000000000001
-5.840000000000001e-05	0.6000000000000001
-5.8200000000000005e-05	0.6000000000000001
-5.800000000000003e-05	0.4
-5.780000000000002e-05	0.6000000000000001
-5.760000000000002e-05	0.8
-5.740000000000001e-05	0.6000000000000001
-5.720000000000001e-05	0.6000000000000001
-5.7e-05	0.8
-5.6800000000000025e-05	0.6000000000000001
-5.660000000000002e-05	0.4
-5.6400000000000016e-05	0.4
-5.620000000000001e-05	0.4
-5.6000000000000006e-05	0.4
-5.580000000000003e-05	0.4
-5.560000000000002e-05	0.2
-5.540000000000002e-05	0.2
-5.5200000000000014e-05	0.4
-5.500000000000001e-05	0.2
-5.4800000000000004e-05	0.2
-5.4600000000000026e-05	0.0
-5.440000000000002e-05	0.4
-5.4200000000000016e-05	0.2
-5.400000000000001e-05	0.0
-5.380000000000001e-05	0.2
-5.360000000000003e-05	0.4
-5.3400000000000024e-05	0.2
-5.320000000000002e-05	0.0
-5.3000000000000014e-05	0.4
-5.280000000000001e-05	0.4
-5.2600000000000005e-05	0.2
-5.240000000000003e-05	0.4
-5.220000000000002e-05	0.6000000000000001
-5.200000000000002e-05	0.4
-5.180000000000001e-05	0.2
-5.160000000000001e-05	0.2
-5.140000000000003e-05	0.4
-5.1200000000000025e-05	0.4
-5.100000000000002e-05	0.4
-5.0800000000000015e-05	0.2
-5.060000000000001e-05	0.4
-5.0400000000000005e-05	0.2
-5.020000000000003e-05	0.6000000000000001
-5.000000000000002e-05	0.4
-4.980000000000002e-05	0.0
-4.960000000000001e-05	0.2
-4.940000000000001e-05	0.2
-4.92e-05	0.2
-4.9000000000000026e-05	0.2
-4.880000000000002e-05	0.2
-4.8600000000000016e-05	0.2
-4.840000000000001e-05	0.4
-4.8200000000000006e-05	0.2
-4.800000000000003e-05	0.2
-4.7800000000000023e-05	0.4
-4.760000000000002e-05	0.0
-4.7400000000000014e-05	0.2
-4.720000000000001e-05	0.4
-4.7000000000000004e-05	0.2
-4.6800000000000026e-05	0.4
-4.660000000000002e-05	0.4
-4.6400000000000017e-05	0.2
-4.620000000000001e-05	0.2
-4.600000000000001e-05	0.2
-4.580000000000003e-05	0.2
-4.5600000000000024e-05	0.4
-4.540000000000002e-05	0.0
-4.5200000000000014e-05	0.2
-4.500000000000001e-05	0.2
-4.4800000000000005e-05	0.2
-4.460000000000003e-05	0.4
-4.440000000000002e-05	0.4
-4.420000000000002e-05	0.2
-4.400000000000001e-05	0.2
-4.380000000000001e-05	0.4
-4.360000000000003e-05	0.4
-4.3400000000000025e-05	0.0
-4.320000000000002e-05	0.4
-4.3000000000000015e-05	0.4
-4.280000000000001e-05	0.0
-4.2600000000000005e-05	0.4
-4.240000000000003e-05	0.2
-4.220000000000002e-05	0.2
-4.200000000000002e-05	0.4
-4.180000000000001e-05	0.0
-4.160000000000001e-05	0.0
-4.1400000000000003e-05	0.4
-4.1200000000000026e-05	0.2
-4.100000000000002e-05	0.0
-4.0800000000000016e-05	0.0
-4.060000000000001e-05	0.4
-4.0400000000000006e-05	0.2
-4.020000000000003e-05	0.4
-4.0000000000000024e-05	0.4
-3.980000000000002e-05	0.2
-3.9600000000000014e-05	0.2
-3.940000000000001e-05	0.2
-3.9200000000000004e-05	0.2
-3.9000000000000026e-05	0.4
-3.880000000000002e-05	0.2
-3.860000000000002e-05	0.4
-3.840000000000001e-05	0.4
-3.820000000000001e-05	0.2
-3.800000000000003e-05	0.4
-3.7800000000000024e-05	0.4
-3.760000000000002e-05	0.2
-3.7400000000000015e-05	0.2
-3.720000000000001e-05	0.4
-3.7000000000000005e-05	0.4
-3.680000000000003e-05	0.2
-3.660000000000002e-05	0.4
-3.640000000000002e-05	0.2
-3.620000000000001e-05	0.0
-3.600000000000001e-05	0.2
-3.580000000000003e-05	0.4
-3.5600000000000025e-05	0.0
-3.540000000000002e-05	0.0
-3.5200000000000015e-05	0.2
-3.500000000000001e-05	0.2
-3.4800000000000006e-05	0.2
-3.460000000000003e-05	0.2
-3.440000000000002e-05	0.2
-3.420000000000002e-05	0.2
-3.400000000000001e-05	0.0
-3.380000000000001e-05	0.4
-3.360000000000003e-05	0.4
-3.3400000000000026e-05	0.0
-3.320000000000002e-05	0.2
-3.3000000000000016e-05	0.2
-3.280000000000001e-05	0.0
-3.2600000000000006e-05	0.2
-3.240000000000003e-05	0.2
-3.2200000000000024e-05	0.2
-3.200000000000002e-05	0.2
-3.1800000000000014e-05	0.0
-3.160000000000001e-05	0.2
-3.1400000000000004e-05	0.2
-3.1200000000000027e-05	0.6000000000000001
-3.100000000000002e-05	0.2
-3.080000000000002e-05	0.4
-3.060000000000001e-05	0.4
-3.0400000000000007e-05	0.6000000000000001
-3.020000000000003e-05	0.6000000000000001
-3.0000000000000024e-05	0.4
-2.980000000000002e-05	0.4
-2.9600000000000015e-05	0.6000000000000001
-2.940000000000001e-05	0.4
-2.9200000000000005e-05	0.2
-2.9000000000000027e-05	0.4
-2.8800000000000022e-05	0.2
-2.8600000000000018e-05	0.4
-2.8400000000000013e-05	0.2
-2.8200000000000008e-05	0.4
-2.800000000000003e-05	0.4
-2.7800000000000025e-05	0.2
-2.760000000000002e-05	0.6000000000000001
-2.7400000000000015e-05	0.4
-2.720000000000001e-05	0.4
-2.7000000000000006e-05	0.4
-2.6800000000000028e-05	0.2
-2.6600000000000023e-05	0.2
-2.6400000000000018e-05	0.4
-2.6200000000000013e-05	0.2
-2.600000000000001e-05	0.2
-2.580000000000003e-05	0.4
-2.5600000000000026e-05	0.0
-2.540000000000002e-05	0.2
-2.5200000000000016e-05	0.2
-2.500000000000001e-05	0.4
-2.4800000000000007e-05	0.2
-2.460000000000003e-05	0.4
-2.4400000000000024e-05	0.2
-2.420000000000002e-05	0.2
-2.4000000000000014e-05	0.4
-2.380000000000001e-05	0.2
-2.3600000000000004e-05	0.2
-2.3400000000000027e-05	0.2
-2.3200000000000022e-05	0.4
-2.3000000000000017e-05	0.2
-2.2800000000000012e-05	0.2
-2.2600000000000007e-05	0.2
-2.240000000000003e-05	0.2
-2.2200000000000025e-05	0.4
-2.200000000000002e-05	0.4
-2.1800000000000015e-05	0.2
-2.160000000000001e-05	0.4
-2.1400000000000005e-05	0.4
-2.1200000000000027e-05	0.2
-2.1000000000000023e-05	0.4
-2.0800000000000018e-05	0.4
-2.0600000000000013e-05	0.6000000000000001
-2.0400000000000008e-05	0.4
-2.020000000000003e-05	0.2
-2.0000000000000025e-05	0.4
-1.980000000000002e-05	0.2
-1.9600000000000016e-05	0.4
-1.940000000000001e-05	0.2
-1.9200000000000006e-05	0.2
-1.9000000000000028e-05	0.4
-1.8800000000000023e-05	0.2
-1.860000000000002e-05	0.2
-1.8400000000000014e-05	0.2
-1.820000000000001e-05	0.4
-1.800000000000003e-05	0.4
-1.7800000000000026e-05	0.2
-1.760000000000002e-05	0.2
-1.7400000000000016e-05	0.4
-1.720000000000001e-05	0.4
-1.7000000000000007e-05	0.2
-1.680000000000003e-05	0.6000000000000001
-1.6600000000000024e-05	0.2
-1.640000000000002e-05	0.2
-1.6200000000000014e-05	0.4
-1.600000000000001e-05	0.2
-1.5800000000000005e-05	0.2
-1.5600000000000027e-05	0.2
-1.5400000000000022e-05	0.2
-1.5200000000000017e-05	0.2
-1.5000000000000012e-05	0.2
-1.4800000000000007e-05	0.4
-1.460000000000003e-05	0.4
-1.4400000000000025e-05	0.2
-1.420000000000002e-05	0.2
-1.4000000000000015e-05	0.2
-1.380000000000001e-05	0.6000000000000001
-1.3600000000000005e-05	0.4
-1.3400000000000028e-05	0.4
-1.3200000000000023e-05	0.2
-1.3000000000000018e-05	0.2
-1.2800000000000013e-05	0.4
-1.2600000000000008e-05	0.4
-1.240000000000003e-05	0.2
-1.2200000000000025e-05	0.2
-1.200000000000002e-05	0.2
-1.1800000000000016e-05	0.2
-1.1600000000000011e-05	0.6000000000000001
-1.1400000000000006e-05	0.4
-1.1200000000000028e-05	0.2
-1.1000000000000023e-05	0.2
-1.0800000000000019e-05	0.2
-1.0600000000000014e-05	0.2
-1.0400000000000009e-05	0.4
-1.0200000000000031e-05	0.2
-1.0000000000000026e-05	0.2
-9.800000000000021e-06	0.4
-9.600000000000017e-06	0.2
-9.400000000000012e-06	0.0
-9.200000000000007e-06	0.2
-9.000000000000029e-06	0.2
-8.800000000000024e-06	0.2
-8.60000000000002e-06	0.4
-8.400000000000014e-06	0.2
-8.20000000000001e-06	0.4
-8.000000000000005e-06	0.2
-7.800000000000027e-06	0.0
-7.600000000000022e-06	0.4
-7.400000000000017e-06	0.2
-7.200000000000012e-06	0.6000000000000001
-7.0000000000000075e-06	0.2
-6.80000000000003e-06	0.2
-6.600000000000025e-06	0.4
-6.40000000000002e-06	0.2
-6.200000000000015e-06	0.6000000000000001
-6.00000000000001e-06	0.8
-5.8000000000000055e-06	0.4
-5.600000000000028e-06	0.2
-5.400000000000023e-06	0.4
-5.200000000000018e-06	0.4
-5.000000000000013e-06	0.2
-4.800000000000008e-06	0.4
-4.6000000000000305e-06	0.4
-4.400000000000026e-06	0.4
-4.200000000000021e-06	0.6000000000000001
-4.000000000000016e-06	0.2
-3.800000000000011e-06	0.4
-3.600000000000006e-06	0.6000000000000001
-3.4000000000000284e-06	0.6000000000000001
-3.2000000000000236e-06	0.6000000000000001
-3.0000000000000187e-06	0.6000000000000001
-2.800000000000014e-06	0.6000000000000001
-2.600000000000009e-06	0.4
-2.4000000000000312e-06	0.4
-2.2000000000000264e-06	0.2
-2.0000000000000215e-06	0.2
-1.8000000000000166e-06	0.2
-1.6000000000000118e-06	0.4
-1.400000000000007e-06	0.2
-1.2000000000000292e-06	0.2
-1.0000000000000243e-06	0.2
-8.000000000000194e-07	0.6000000000000001
-6.000000000000146e-07	0.2
-4.000000000000097e-07	0.0
-2.0000000000003197e-07	0.0
-2.710505431213761e-20	0.0
1.9999999999997776e-07	0.2
3.999999999999826e-07	0.0
5.999999999999875e-07	0.2
7.999999999999923e-07	0.2
9.9999999999997e-07	0.0
1.199999999999975e-06	0.2
1.3999999999999798e-06	0.2
1.5999999999999847e-06	0.2
1.7999999999999895e-06	0.4
1.9999999999999944e-06	0.0
2.199999999999972e-06	0.2
2.399999999999977e-06	0.4
2.599999999999982e-06	0.4
2.7999999999999867e-06	0.4
2.9999999999999916e-06	0.2
3.1999999999999694e-06	0.2
3.3999999999999742e-06	0.2
3.599999999999979e-06	0.0
3.799999999999984e-06	0.0
3.999999999999989e-06	0.0
4.199999999999994e-06	0.2
4.3999999999999714e-06	0.0
4.599999999999976e-06	0.2
4.799999999999981e-06	0.2
4.999999999999986e-06	0.0
5.199999999999991e-06	0.0
5.399999999999969e-06	-0.2
5.5999999999999735e-06	-0.2
5.799999999999978e-06	-0.2
5.999999999999983e-06	0.2
6.199999999999988e-06	0.0
6.399999999999993e-06	-0.2
6.599999999999971e-06	-0.2
6.7999999999999756e-06	0.0
6.99999999999998e-06	0.0
7.199999999999985e-06	0.0
7.39999999999999e-06	-0.2
7.599999999999968e-06	-0.2
7.799999999999973e-06	-0.2
7.999999999999978e-06	0.0
8.199999999999982e-06	0.0
8.399999999999987e-06	0.0
8.599999999999992e-06	-0.2
8.79999999999997e-06	0.0
8.999999999999975e-06	0.0
9.19999999999998e-06	0.0
9.399999999999985e-06	0.0
9.59999999999999e-06	0.0
9.799999999999994e-06	0.0
9.999999999999972e-06	0.0
1.0199999999999977e-05	-0.2
1.0399999999999982e-05	-0.2
1.0599999999999987e-05	0.0
1.0799999999999991e-05	-0.2
1.099999999999997e-05	0.0
1.1199999999999974e-05	-0.2
1.1399999999999979e-05	0.2
1.1599999999999984e-05	0.0
1.1799999999999989e-05	0.0
1.1999999999999994e-05	-0.2
1.2199999999999971e-05	0.0
1.2399999999999976e-05	-0.2
1.2599999999999981e-05	-0.2
1.2799999999999986e-05	0.0
1.299999999999999e-05	-0.2
1.3199999999999968e-05	0.0
1.3399999999999973e-05	0.0
1.3599999999999978e-05	0.2
1.3799999999999983e-05	0.2
1.3999999999999988e-05	0.0
1.4199999999999993e-05	0.0
1.439999999999997e-05	0.0
1.4599999999999975e-05	-0.2
1.479999999999998e-05	0.0
1.4999999999999985e-05	0.0
1.519999999999999e-05	0.0
1.5399999999999968e-05	0.0
1.5599999999999973e-05	0.2
1.5799999999999977e-05	0.2
1.5999999999999982e-05	0.0
1.6199999999999987e-05	0.2
1.6399999999999992e-05	0.0
1.659999999999997e-05	-0.2
1.6799999999999975e-05	0.0
1.699999999999998e-05	0.0
1.7199999999999984e-05	-0.2
1.739999999999999e-05	0.0
1.7599999999999967e-05	-0.2
1.7799999999999972e-05	-0.2
1.7999999999999977e-05	-0.2
1.819999999999998e-05	-0.2
1.8399999999999986e-05	-0.2
1.859999999999999e-05	0.0
1.879999999999997e-05	-0.2
1.8999999999999974e-05	0.0
1.919999999999998e-05	0.0
1.9399999999999984e-05	0.2
1.959999999999999e-05	-0.2
1.9799999999999993e-05	0.0
1.999999999999997e-05	0.0
2.0199999999999976e-05	-0.4
2.039999999999998e-05	0.0
2.0599999999999986e-05	-0.2
2.079999999999999e-05	0.2
2.099999999999997e-05	0.0
2.1199999999999973e-05	-0.2
2.1399999999999978e-05	0.2
2.1599999999999983e-05	0.2
2.1799999999999988e-05	0.0
2.1999999999999993e-05	-0.2
2.219999999999997e-05	0.0
2.2399999999999975e-05	-0.2
2.259999999999998e-05	0.0
2.2799999999999985e-05	0.0
2.299999999999999e-05	0.0
2.3199999999999968e-05	-0.4
2.3399999999999972e-05	-0.2
2.3599999999999977e-05	0.0
2.3799999999999982e-05	-0.2
2.3999999999999987e-05	0.0
2.4199999999999992e-05	0.0
2.439999999999997e-05	0.0
2.4599999999999975e-05	0.0
2.479999999999998e-05	-0.2
2.4999999999999984e-05	0.0
2.519999999999999e-05	-0.2
2.5399999999999967e-05	0.0
2.5599999999999972e-05	0.0
2.5799999999999977e-05	0.0
2.599999999999998e-05	0.0
2.6199999999999986e-05	-0.2
2.639999999999999e-05	-0.2
2.659999999999997e-05	-0.2
2.6799999999999974e-05	0.0
2.699999999999998e-05	0.0
2.7199999999999984e-05	-0.2
2.739999999999999e-05	-0.2
2.7599999999999993e-05	-0.2
2.779999999999997e-05	0.0
2.7999999999999976e-05	-0.2
2.819999999999998e-05	0.2
2.8399999999999986e-05	0.6000000000000001
2.859999999999999e-05	1.0
2.8799999999999968e-05	1.8
2.8999999999999973e-05	3.0
2.9199999999999978e-05	4.800000000000001
2.9399999999999983e-05	6.6000000000000005
2.9599999999999988e-05	7.800000000000001
2.9799999999999993e-05	8.6
2.999999999999997e-05	8.8
3.0199999999999975e-05	8.8
3.039999999999998e-05	8.8
3.0599999999999985e-05	8.8
3.079999999999999e-05	9.0
3.099999999999997e-05	9.0
3.119999999999997e-05	9.200000000000001
3.139999999999998e-05	9.200000000000001
3.159999999999998e-05	9.0
3.179999999999999e-05	8.8
3.199999999999999e-05	8.8
3.219999999999997e-05	8.6
3.2399999999999974e-05	8.8
3.259999999999998e-05	8.6
3.2799999999999984e-05	8.4
3.299999999999999e-05	8.6
3.319999999999997e-05	8.8
3.339999999999997e-05	8.8
3.3599999999999976e-05	9.0
3.379999999999998e-05	8.6
3.3999999999999986e-05	8.6
3.419999999999999e-05	8.8
3.439999999999997e-05	8.6
3.4599999999999974e-05	8.6
3.479999999999998e-05	8.8
3.499999999999998e-05	8.6
3.519999999999999e-05	8.8
3.539999999999999e-05	8.8
3.559999999999997e-05	8.6
3.5799999999999976e-05	8.6
3.599999999999998e-05	9.0
3.6199999999999985e-05	8.6
3.639999999999999e-05	8.4
3.659999999999997e-05	8.6
3.679999999999997e-05	8.6
3.699999999999998e-05	8.4
3.719999999999998e-05	8.4
3.739999999999999e-05	8.200000000000001
3.759999999999999e-05	8.200000000000001
3.779999999999997e-05	8.200000000000001
3.7999999999999975e-05	8.0
3.819999999999998e-05	8.200000000000001
3.8399999999999985e-05	8.0
3.859999999999999e-05	8.4
3.879999999999997e-05	8.4
3.899999999999997e-05	8.6
3.919999999999998e-05	8.4
3.939999999999998e-05	8.4
3.959999999999999e-05	8.4
3.979999999999999e-05	8.200000000000001
3.999999999999997e-05	8.0
4.0199999999999974e-05	8.4
4.039999999999998e-05	8.0
4.0599999999999984e-05	7.800000000000001
4.079999999999999e-05	8.0
4.0999999999999967e-05	8.0
4.119999999999997e-05	8.200000000000001
4.1399999999999976e-05	8.200000000000001
4.159999999999998e-05	8.0
4.1799999999999986e-05	8.200000000000001
4.199999999999999e-05	8.0
4.219999999999997e-05	8.0
4.2399999999999974e-05	8.0
4.259999999999998e-05	8.200000000000001
4.279999999999998e-05	8.0
4.299999999999999e-05	7.800000000000001
4.319999999999999e-05	8.0
4.339999999999997e-05	8.0
4.3599999999999976e-05	8.0
4.379999999999998e-05	8.0
4.3999999999999985e-05	8.0
4.419999999999996e-05	8.200000000000001
4.439999999999997e-05	8.200000000000001
4.459999999999997e-05	8.0
4.479999999999998e-05	8.0
4.499999999999998e-05	7.800000000000001
4.519999999999999e-05	7.800000000000001
4.539999999999999e-05	8.0
4.56e-05	8.200000000000001
4.58e-05	8.0
4.599999999999995e-05	8.0
4.619999999999996e-05	8.0
4.639999999999996e-05	7.6000000000000005
4.659999999999997e-05	7.800000000000001
4.679999999999997e-05	7.800000000000001
4.699999999999998e-05	7.6000000000000005
4.719999999999998e-05	7.6000000000000005
4.739999999999999e-05	7.800000000000001
4.759999999999999e-05	8.200000000000001
4.7799999999999996e-05	7.800000000000001
4.8e-05	7.800000000000001
4.8200000000000006e-05	8.200000000000001
4.839999999999996e-05	8.0
4.859999999999996e-05	7.6000000000000005
4.8799999999999966e-05	8.200000000000001
4.899999999999997e-05	8.0
4.9199999999999976e-05	8.0
4.939999999999998e-05	7.6000000000000005
4.9599999999999986e-05	7.6000000000000005
4.979999999999999e-05	7.6000000000000005
4.9999999999999996e-05	7.4
5.02e-05	7.6000000000000005
5.0400000000000005e-05	7.2
5.0599999999999956e-05	7.4
5.079999999999996e-05	7.2
5.0999999999999966e-05	7.2
5.119999999999997e-05	7.2
5.1399999999999975e-05	7.0
5.159999999999998e-05	7.4
5.1799999999999985e-05	7.2
5.199999999999999e-05	7.2
5.2199999999999995e-05	7.4
5.24e-05	7.4
5.2600000000000005e-05	7.4
5.2799999999999955e-05	7.2
5.299999999999996e-05	7.4
5.3199999999999965e-05	7.6000000000000005
5.339999999999997e-05	7.4
5.3599999999999975e-05	7.6000000000000005
5.379999999999998e-05	7.4
5.3999999999999984e-05	7.6000000000000005
5.419999999999999e-05	7.6000000000000005
5.4399999999999994e-05	7.6000000000000005
5.46e-05	7.4
5.4800000000000004e-05	7.4
5.4999999999999955e-05	7.4
5.519999999999996e-05	7.4
5.5399999999999964e-05	7.2
5.559999999999997e-05	7.4
5.5799999999999974e-05	7.4
5.599999999999998e-05	7.0
5.6199999999999984e-05	7.0
5.639999999999999e-05	7.0
5.6599999999999993e-05	6.800000000000001
5.68e-05	7.0
5.7e-05	7.0
5.7199999999999954e-05	7.0
5.739999999999996e-05	7.0
5.7599999999999964e-05	7.2
5.779999999999997e-05	6.800000000000001
5.799999999999997e-05	6.800000000000001
5.819999999999998e-05	6.800000000000001
5.839999999999998e-05	6.800000000000001
5.859999999999999e-05	7.0
5.879999999999999e-05	7.0
5.9e-05	6.800000000000001
5.92e-05	6.800000000000001
5.939999999999995e-05	6.800000000000001
5.959999999999996e-05	6.800000000000001
5.979999999999996e-05	7.0
5.999999999999997e-05	7.2
6.019999999999997e-05	6.800000000000001
6.039999999999998e-05	7.0
6.059999999999998e-05	6.800000000000001
6.079999999999999e-05	6.800000000000001
6.099999999999999e-05	7.0
6.12e-05	7.2
6.14e-05	7.0
6.159999999999995e-05	7.2
6.179999999999996e-05	7.2
6.199999999999996e-05	7.2
6.219999999999997e-05	6.6000000000000005
6.239999999999997e-05	7.0
6.259999999999998e-05	6.6000000000000005
6.279999999999998e-05	6.800000000000001
6.299999999999999e-05	6.4
6.319999999999999e-05	6.6000000000000005
6.34e-05	6.6000000000000005
6.36e-05	6.6000000000000005
6.379999999999995e-05	6.6000000000000005
6.399999999999996e-05	6.4
6.419999999999996e-05	6.6000000000000005
6.439999999999997e-05	6.800000000000001
6.459999999999997e-05	6.6000000000000005
6.479999999999998e-05	6.800000000000001
6.499999999999998e-05	6.800000000000001
6.519999999999999e-05	6.6000000000000005
6.539999999999999e-05	6.6000000000000005
6.56e-05	6.6000000000000005
6.58e-05	6.6000000000000005
6.6e-05	6.800000000000001
6.619999999999996e-05	6.6000000000000005
6.639999999999996e-05	6.6000000000000005
6.659999999999997e-05	6.6000000000000005
6.679999999999997e-05	6.2
6.699999999999998e-05	6.4
6.719999999999998e-05	6.2
6.739999999999998e-05	6.2
6.759999999999999e-05	6.0
6.78e-05	6.0
6.8e-05	6.0
6.82e-05	6.0
6.839999999999995e-05	6.0
6.859999999999996e-05	6.0
6.879999999999996e-05	6.2
6.899999999999997e-05	6.0
6.919999999999997e-05	5.6000000000000005
6.939999999999998e-05	6.0
6.959999999999998e-05	6.0
6.979999999999999e-05	5.800000000000001
7e-05	6.0
7.02e-05	5.800000000000001
7.04e-05	6.0
7.059999999999995e-05	6.0
7.079999999999996e-05	6.0
7.099999999999996e-05	6.2
7.119999999999997e-05	6.0
7.139999999999997e-05	6.0
7.159999999999998e-05	5.800000000000001
7.179999999999998e-05	5.800000000000001
7.199999999999999e-05	6.0
7.219999999999999e-05	5.800000000000001
7.24e-05	6.0
7.26e-05	5.800000000000001
7.279999999999995e-05	6.0
7.299999999999996e-05	6.0
7.319999999999996e-05	6.2
7.339999999999997e-05	5.800000000000001
7.359999999999997e-05	5.800000000000001
7.379999999999998e-05	5.800000000000001
7.399999999999998e-05	5.800000000000001
7.419999999999999e-05	5.4
7.439999999999999e-05	5.800000000000001
7.46e-05	5.800000000000001
7.48e-05	5.800000000000001
7.499999999999995e-05	6.0
7.519999999999996e-05	5.800000000000001
7.539999999999996e-05	5.800000000000001
7.559999999999997e-05	5.800000000000001
7.579999999999997e-05	6.0
7.599999999999998e-05	5.6000000000000005
7.619999999999998e-05	5.800000000000001
7.639999999999999e-05	5.6000000000000005
7.659999999999999e-05	6.0
7.68e-05	5.800000000000001
7.7e-05	5.6000000000000005
7.719999999999995e-05	5.6000000000000005
7.739999999999996e-05	5.800000000000001
7.759999999999996e-05	5.4
7.779999999999997e-05	5.4
7.799999999999997e-05	5.6000000000000005
7.819999999999998e-05	5.4
7.839999999999998e-05	5.6000000000000005
7.859999999999999e-05	5.4
7.879999999999999e-05	5.6000000000000005
7.9e-05	5.4
7.92e-05	5.2
7.939999999999995e-05	5.2
7.959999999999996e-05	5.0
7.979999999999996e-05	5.4
7.999999999999997e-05	5.2
8.019999999999997e-05	5.4
8.039999999999998e-05	5.2
8.059999999999998e-05	5.4
8.079999999999999e-05	5.4
8.099999999999999e-05	5.4
8.12e-05	5.2
8.14e-05	5.4
8.16e-05	5.4
8.179999999999996e-05	5.4
8.199999999999996e-05	5.2
8.219999999999997e-05	5.2
8.239999999999997e-05	5.2
8.259999999999997e-05	5.2
8.279999999999998e-05	5.0
8.299999999999998e-05	5.0
8.319999999999999e-05	5.0
8.34e-05	5.2
8.36e-05	5.0
8.38e-05	4.800000000000001
8.399999999999995e-05	5.0
8.419999999999996e-05	5.0
8.439999999999996e-05	5.0
8.459999999999997e-05	4.800000000000001
8.479999999999997e-05	5.0
8.499999999999998e-05	5.0
8.519999999999998e-05	4.800000000000001
8.539999999999999e-05	5.0
8.56e-05	5.0
8.58e-05	4.800000000000001
8.6e-05	4.6000000000000005
8.619999999999995e-05	4.800000000000001
8.639999999999996e-05	4.800000000000001
8.659999999999996e-05	4.6000000000000005
8.679999999999997e-05	4.6000000000000005
8.699999999999997e-05	4.800000000000001
8.719999999999998e-05	4.800000000000001
8.739999999999998e-05	4.4
8.759999999999999e-05	4.800000000000001
8.779999999999999e-05	4.800000000000001
8.8e-05	4.800000000000001
8.82e-05	4.6000000000000005
8.839999999999995e-05	4.6000000000000005
8.859999999999996e-05	4.6000000000000005
8.879999999999996e-05	4.6000000000000005
8.899999999999997e-05	4.4
8.919999999999997e-05	4.6000000000000005
8.939999999999998e-05	4.6000000000000005
8.959999999999998e-05	4.6000000000000005
8.979999999999999e-05	4.6000000000000005
8.999999999999999e-05	4.6000000000000005
9.02e-05	4.6000000000000005
9.04e-05	4.4
9.059999999999995e-05	4.6000000000000005
9.079999999999996e-05	4.800000000000001
9.099999999999996e-05	4.6000000000000005
9.119999999999997e-05	4.800000000000001
9.139999999999997e-05	4.800000000000001
9.159999999999998e-05	4.800000000000001
9.179999999999998e-05	4.800000000000001
9.199999999999999e-05	4.800000000000001
9.219999999999999e-05	4.6000000000000005
9.24e-05	4.6000000000000005
9.26e-05	4.4
9.279999999999995e-05	4.6000000000000005
9.299999999999996e-05	4.6000000000000005
9.319999999999996e-05	4.2
9.339999999999997e-05	4.2
9.359999999999997e-05	4.2
9.379999999999998e-05	4.2
9.399999999999998e-05	4.4
9.419999999999999e-05	4.2
9.439999999999999e-05	4.2
9.46e-05	4.2
9.48e-05	4.4
9.499999999999995e-05	4.2
9.519999999999996e-05	4.0
9.539999999999996e-05	4.4
9.559999999999997e-05	4.2
9.579999999999997e-05	4.0
9.599999999999998e-05	4.2
9.619999999999998e-05	4.2
9.639999999999999e-05	4.0
9.659999999999999e-05	4.0
9.68e-05	4.0
9.7e-05	4.2
9.719999999999995e-05	4.2
9.739999999999996e-05	4.0
9.759999999999996e-05	4.0
9.779999999999996e-05	4.0
9.799999999999997e-05	4.0
9.819999999999997e-05	4.2
9.839999999999998e-05	4.0
9.859999999999998e-05	4.0
9.879999999999999e-05	4.2
9.9e-05	4.0
9.92e-05	4.0
9.94e-05	3.8000000000000003
9.959999999999995e-05	3.8000000000000003
9.979999999999996e-05	3.6
9.999999999999996e-05	3.8000000000000003
0.00010019999999999997	3.8000000000000003
0.00010039999999999997	3.6
0.00010059999999999998	4.0
0.00010079999999999998	4.0
0.00010099999999999999	3.8000000000000003
0.0001012	3.6
0.0001014	3.8000000000000003
0.0001016	3.4000000000000004
0.00010179999999999995	3.6
0.00010199999999999996	4.0
0.00010219999999999996	3.6
0.00010239999999999997	3.8000000000000003
0.00010259999999999997	3.8000000000000003
0.00010279999999999998	3.8000000000000003
0.00010299999999999998	3.8000000000000003
0.00010319999999999999	3.8000000000000003
0.00010339999999999999	3.8000000000000003
0.0001036	3.8000000000000003
0.0001038	3.6
0.00010399999999999995	3.4000000000000004
0.00010419999999999996	3.6
0.00010439999999999996	3.8000000000000003
0.00010459999999999997	3.6
0.00010479999999999997	3.8000000000000003
0.00010499999999999998	3.6
0.00010519999999999998	3.4000000000000004
0.00010539999999999999	3.6
0.00010559999999999999	3.6
0.0001058	3.4000000000000004
0.000106	3.4000000000000004
0.00010619999999999995	3.4000000000000004
0.00010639999999999996	3.4000000000000004
0.00010659999999999996	3.2
0.00010679999999999997	3.0
0.00010699999999999997	3.6
0.00010719999999999998	3.6
0.00010739999999999998	3.4000000000000004
0.00010759999999999999	3.6
0.00010779999999999999	3.6
0.000108	3.4000000000000004
0.0001082	3.6
0.00010839999999999995	3.8000000000000003
0.00010859999999999996	3.6
0.00010879999999999996	3.4000000000000004
0.00010899999999999997	3.8000000000000003
0.00010919999999999997	3.6
0.00010939999999999998	3.6
0.00010959999999999998	3.6
0.00010979999999999999	3.4000000000000004
0.00010999999999999999	3.6
0.0001102	3.4000000000000004
0.0001104	3.4000000000000004
0.00011059999999999995	3.4000000000000004
0.00011079999999999996	3.2
0.00011099999999999996	3.2
0.00011119999999999997	3.2
0.00011139999999999997	3.0
0.00011159999999999998	3.2
0.00011179999999999998	3.0
0.00011199999999999998	3.0
0.00011219999999999999	2.8000000000000003
0.0001124	3.0
0.0001126	3.2
0.00011279999999999995	3.0
0.00011299999999999995	2.8000000000000003
0.00011319999999999996	3.0
0.00011339999999999996	2.8000000000000003
0.00011359999999999997	3.0
0.00011379999999999997	3.2
0.00011399999999999998	3.4000000000000004
0.00011419999999999998	3.0
0.00011439999999999999	3.2
0.0001146	3.4000000000000004
0.0001148	3.2
0.00011499999999999995	3.0
0.00011519999999999995	3.4000000000000004
0.00011539999999999996	3.4000000000000004
0.00011559999999999996	3.2
0.00011579999999999997	3.2
0.00011599999999999997	3.2
0.00011619999999999998	3.0
0.00011639999999999998	3.2
0.00011659999999999999	3.2
0.00011679999999999999	3.0
0.000117	3.2
0.0001172	3.0
0.00011739999999999995	2.8000000000000003
0.00011759999999999996	2.6
0.00011779999999999996	2.6
0.00011799999999999997	2.8000000000000003
0.00011819999999999997	2.8000000000000003
0.00011839999999999998	3.0
0.00011859999999999998	3.0
0.00011879999999999999	2.8000000000000003
0.00011899999999999999	2.6
0.0001192	2.8000000000000003
0.0001194	2.8000000000000003
0.00011959999999999995	2.8000000000000003
0.00011979999999999996	3.0
0.00011999999999999996	2.8000000000000003
0.00012019999999999997	2.8000000000000003
0.00012039999999999997	2.8000000000000003
0.00012059999999999998	2.6
0.00012079999999999998	2.6
0.00012099999999999999	2.6
0.00012119999999999999	2.6
0.0001214	2.4000000000000004
0.0001216	2.6
0.00012179999999999995	2.6
0.00012199999999999996	2.2
0.00012219999999999996	2.4000000000000004
0.00012239999999999997	2.2
0.00012259999999999997	2.2
0.00012279999999999998	2.4000000000000004
0.00012299999999999998	2.4000000000000004
0.00012319999999999999	2.4000000000000004
0.0001234	2.6
0.0001236	2.6
0.0001238	2.2
0.00012399999999999995	2.4000000000000004
0.00012419999999999996	2.2
0.00012439999999999996	2.2
0.00012459999999999997	2.2
0.00012479999999999997	2.4000000000000004
0.00012499999999999998	2.4000000000000004
0.00012519999999999998	2.4000000000000004
0.00012539999999999999	2.4000000000000004
0.0001256	2.2
0.0001258	2.6
0.000126	2.2
0.00012619999999999995	2.2
0.00012639999999999996	2.4000000000000004
0.00012659999999999996	2.4000000000000004
0.00012679999999999997	2.2
0.00012699999999999997	2.2
0.00012719999999999997	2.4000000000000004
0.00012739999999999998	2.2
0.00012759999999999998	2.4000000000000004
0.0001278	2.4000000000000004
0.000128	2.4000000000000004
0.0001282	2.2
0.00012839999999999995	2.4000000000000004
0.00012859999999999995	2.2
0.00012879999999999996	2.4000000000000004
0.00012899999999999996	2.2
0.00012919999999999997	2.2
0.00012939999999999997	2.2
0.00012959999999999998	2.0
0.00012979999999999998	2.2
0.00013	2.2
0.0001302	2.2
0.0001304	2.2
0.00013059999999999995	2.0
0.00013079999999999995	2.0
0.00013099999999999996	2.2
0.00013119999999999996	2.4000000000000004
0.00013139999999999997	2.4000000000000004
0.00013159999999999997	2.2
0.00013179999999999998	2.4000000000000004
0.00013199999999999998	2.4000000000000004
0.0001322	2.0
0.0001324	2.2
0.0001326	2.4000000000000004
0.00013279999999999995	2.4000000000000004
0.00013299999999999995	2.4000000000000004
0.00013319999999999996	2.4000000000000004
0.00013339999999999996	2.6
0.00013359999999999997	2.4000000000000004
0.00013379999999999997	2.4000000000000004
0.00013399999999999998	2.4000000000000004
0.00013419999999999998	2.6
0.0001344	2.4000000000000004
0.0001346	2.4000000000000004
0.0001348	2.4000000000000004
0.000135	2.4000000000000004
0.00013519999999999995	2.4000000000000004
0.00013539999999999996	2.2
0.00013559999999999996	2.4000000000000004
0.00013579999999999997	2.0
0.00013599999999999997	2.2
0.00013619999999999998	2.2
0.00013639999999999998	2.0
0.00013659999999999999	2.0
0.0001368	2.0
0.000137	2.0
0.0001372	2.2
0.00013739999999999995	2.0
0.00013759999999999996	2.2
0.00013779999999999996	2.2
0.00013799999999999997	2.2
0.00013819999999999997	2.0
0.00013839999999999998	2.2
0.00013859999999999998	2.2
0.00013879999999999999	2.0
0.000139	2.0
0.0001392	2.0
0.0001394	2.0
0.00013959999999999995	2.0
0.00013979999999999996	2.2
0.00013999999999999996	2.0
0.00014019999999999997	2.2
0.00014039999999999997	2.2
0.00014059999999999998	2.2
0.00014079999999999998	2.2
0.00014099999999999998	2.2
0.0001412	2.0
0.0001414	2.2
0.0001416	2.4000000000000004
0.00014179999999999995	2.2
0.00014199999999999996	1.8
0.00014219999999999996	1.8
0.00014239999999999996	1.8
0.00014259999999999997	1.8
0.00014279999999999997	1.6
0.00014299999999999998	1.8
0.00014319999999999998	1.6
0.0001434	1.8
0.0001436	1.8
0.0001438	1.6
0.00014399999999999995	1.8
0.00014419999999999995	2.0
0.00014439999999999996	1.6
0.00014459999999999996	1.8
0.00014479999999999997	2.2
0.00014499999999999997	1.8
0.00014519999999999998	1.8
0.00014539999999999998	1.6
0.0001456	2.0
0.0001458	2.0
0.000146	1.6
0.00014619999999999995	1.8
0.00014639999999999995	1.6
0.00014659999999999996	1.6
0.00014679999999999996	1.8
0.00014699999999999997	1.6
0.00014719999999999997	1.8
0.00014739999999999998	1.6
0.00014759999999999998	1.6
0.0001478	1.8
0.000148	1.6
0.0001482	1.8
0.00014839999999999995	1.6
0.00014859999999999995	1.6
0.00014879999999999996	1.8
0.00014899999999999996	1.6
0.00014919999999999997	1.8
0.00014939999999999997	1.8
0.00014959999999999998	1.8
0.00014979999999999998	1.8
0.00015	1.8
0.0001502	1.8
0.0001504	1.8
0.0001506	1.8
0.00015079999999999995	2.0
0.00015099999999999996	1.8
0.00015119999999999996	2.0
0.00015139999999999997	2.0
0.00015159999999999997	1.6
0.00015179999999999998	1.8
0.00015199999999999998	1.6
0.00015219999999999999	1.6
0.0001524	1.6
0.0001526	1.4000000000000001
0.0001528	1.4000000000000001
0.00015299999999999995	1.6
0.00015319999999999996	1.4000000000000001
0.00015339999999999996	1.6
0.00015359999999999997	1.6
0.00015379999999999997	1.6
0.00015399999999999998	1.6
0.00015419999999999998	1.8
0.00015439999999999999	1.4000000000000001
0.0001546	1.4000000000000001
0.0001548	1.6
0.000155	1.8
0.00015519999999999995	1.4000000000000001
0.00015539999999999996	1.6
0.00015559999999999996	1.6
0.00015579999999999997	1.6
0.00015599999999999997	1.6
0.00015619999999999997	1.4000000000000001
0.00015639999999999998	1.2000000000000002
0.00015659999999999998	1.6
0.0001568	1.6
0.000157	1.4000000000000001
0.0001572	1.4000000000000001
0.00015739999999999995	1.6
0.00015759999999999995	1.6
0.00015779999999999996	1.4000000000000001
0.00015799999999999996	1.4000000000000001
0.00015819999999999997	1.6
0.00015839999999999997	1.4000000000000001
0.00015859999999999998	1.4000000000000001
0.00015879999999999998	1.4000000000000001
0.000159	1.6
0.0001592	1.4000000000000001
0.0001594	1.6
0.00015959999999999995	1.6
0.00015979999999999995	1.2000000000000002
0.00015999999999999996	1.4000000000000001
0.00016019999999999996	1.6
0.00016039999999999997	1.6
0.00016059999999999997	1.4000000000000001
0.00016079999999999998	1.4000000000000001
0.00016099999999999998	1.6
0.0001612	1.6
0.0001614	1.6
0.0001616	1.6
0.00016179999999999995	1.4000000000000001
0.00016199999999999995	1.6
0.00016219999999999996	1.4000000000000001
0.00016239999999999996	1.4000000000000001
0.00016259999999999997	1.4000000000000001
0.00016279999999999997	1.0
0.00016299999999999998	1.2000000000000002
0.00016319999999999998	1.4000000000000001
0.0001634	1.4000000000000001
0.0001636	1.4000000000000001
0.0001638	1.4000000000000001
0.00016399999999999995	1.4000000000000001
0.00016419999999999995	1.2000000000000002
0.00016439999999999996	1.6
0.00016459999999999996	1.4000000000000001
0.00016479999999999997	1.4000000000000001
0.00016499999999999997	1.2000000000000002
0.00016519999999999998	1.4000000000000001
0.00016539999999999998	1.6
0.0001656	1.4000000000000001
0.0001658	1.4000000000000001
0.000166	1.4000000000000001
0.00016619999999999995	1.6
0.00016639999999999995	1.4000000000000001
0.00016659999999999996	1.4000000000000001
0.00016679999999999996	1.6
0.00016699999999999997	1.4000000000000001
0.00016719999999999997	1.4000000000000001
0.00016739999999999998	1.4000000000000001
0.00016759999999999998	1.4000000000000001
0.00016779999999999999	1.4000000000000001
0.000168	1.4000000000000001
0.0001682	1.4000000000000001
0.0001684	1.4000000000000001
0.00016859999999999995	1.2000000000000002
0.00016879999999999996	1.2000000000000002
0.00016899999999999996	1.2000000000000002
0.00016919999999999997	1.2000000000000002
0.00016939999999999997	1.2000000000000002
0.00016959999999999998	1.0
0.00016979999999999998	1.2000000000000002
0.00016999999999999999	1.4000000000000001
0.0001702	1.2000000000000002
0.0001704	1.4000000000000001
0.0001706	1.2000000000000002
0.00017079999999999995	1.4000000000000001
0.00017099999999999996	1.6
0.00017119999999999996	1.2000000000000002
0.00017139999999999996	1.4000000000000001
0.00017159999999999997	1.4000000000000001
0.00017179999999999997	1.2000000000000002
0.00017199999999999998	1.2000000000000002
0.00017219999999999998	1.2000000000000002
0.0001724	1.2000000000000002
0.0001726	1.2000000000000002
0.0001728	1.2000000000000002
0.00017299999999999995	1.2000000000000002
0.00017319999999999995	1.2000000000000002
0.00017339999999999996	1.2000000000000002
0.00017359999999999996	1.0
0.00017379999999999997	1.2000000000000002
0.00017399999999999997	1.4000000000000001
0.00017419999999999998	1.4000000000000001
0.00017439999999999998	1.4000000000000001
0.0001746	1.4000000000000001
0.0001748	1.4000000000000001
0.000175	1.2000000000000002
0.00017519999999999995	1.2000000000000002
0.00017539999999999995	1.4000000000000001
0.00017559999999999996	1.4000000000000001
0.00017579999999999996	1.2000000000000002
0.00017599999999999997	1.2000000000000002
0.00017619999999999997	1.0
0.00017639999999999998	1.4000000000000001
0.00017659999999999998	1.2000000000000002
0.0001768	1.2000000000000002
0.000177	1.2000000000000002
0.0001772	1.2000000000000002
0.00017739999999999995	1.2000000000000002
0.00017759999999999995	1.2000000000000002
0.00017779999999999996	1.2000000000000002
0.00017799999999999996	1.2000000000000002
0.00017819999999999997	1.0
0.00017839999999999997	1.2000000000000002
0.00017859999999999998	1.0
0.00017879999999999998	1.2000000000000002
0.000179	1.4000000000000001
0.0001792	1.2000000000000002
0.0001794	1.2000000000000002
0.00017959999999999995	1.2000000000000002
0.00017979999999999995	1.4000000000000001
0.00017999999999999996	1.4000000000000001
0.00018019999999999996	1.2000000000000002
0.00018039999999999997	1.2000000000000002
0.00018059999999999997	1.0
0.00018079999999999998	1.2000000000000002
0.00018099999999999998	1.0
0.00018119999999999999	1.2000000000000002
0.0001814	1.0
0.0001816	0.8
0.00018179999999999995	1.0
0.00018199999999999995	1.2000000000000002
0.00018219999999999996	1.0
0.00018239999999999996	1.0
0.00018259999999999997	0.8
0.00018279999999999997	0.8
0.00018299999999999998	0.8
0.00018319999999999998	1.0
0.00018339999999999999	1.0
0.0001836	0.8
0.0001838	1.2000000000000002
0.000184	1.2000000000000002
0.00018419999999999995	1.2000000000000002
0.00018439999999999996	1.0
0.00018459999999999996	1.0
0.00018479999999999997	1.0
0.00018499999999999997	1.0
0.00018519999999999998	0.8
0.00018539999999999998	1.0
0.00018559999999999998	0.8
0.0001858	0.8
0.000186	1.0
0.0001862	0.8
0.00018639999999999995	1.0
0.00018659999999999995	1.0
0.00018679999999999996	1.2000000000000002
0.00018699999999999996	1.2000000000000002
0.00018719999999999997	1.2000000000000002
0.00018739999999999997	1.2000000000000002
0.00018759999999999998	1.4000000000000001
0.00018779999999999998	1.2000000000000002
0.000188	1.2000000000000002
0.0001882	1.4000000000000001
0.0001884	1.2000000000000002
0.00018859999999999995	1.0
0.00018879999999999995	1.2000000000000002
0.00018899999999999996	1.2000000000000002
0.00018919999999999996	1.2000000000000002
0.00018939999999999997	1.2000000000000002
0.00018959999999999997	1.4000000000000001
0.00018979999999999998	1.0
0.00018999999999999998	1.0
0.0001902	1.2000000000000002
0.0001904	1.2000000000000002
0.0001906	1.2000000000000002
0.00019079999999999995	1.2000000000000002
0.00019099999999999995	1.4000000000000001
0.00019119999999999996	1.2000000000000002
0.00019139999999999996	1.2000000000000002
0.00019159999999999997	1.0
0.00019179999999999997	1.2000000000000002
0.00019199999999999998	1.4000000000000001
0.00019219999999999998	1.0
0.0001924	1.0
0.0001926	1.0
0.0001928	1.0
0.00019299999999999995	1.0
0.00019319999999999995	1.0
0.00019339999999999996	1.0
0.00019359999999999996	1.0
0.00019379999999999997	1.2000000000000002
0.00019399999999999997	1.0
0.00019419999999999998	1.0
0.00019439999999999998	1.0
0.0001946	1.0
0.0001948	0.8
0.000195	0.8
0.00019519999999999995	1.0
0.00019539999999999995	0.8
0.00019559999999999996	1.0
0.00019579999999999996	0.8
0.00019599999999999997	0.6000000000000001
0.00019619999999999997	0.8
0.00019639999999999998	0.6000000000000001
0.00019659999999999998	1.0
0.00019679999999999999	0.8
0.000197	1.0
0.0001972	1.2000000000000002
0.00019739999999999995	1.0
0.00019759999999999995	1.0
0.00019779999999999996	1.0
0.00019799999999999996	1.0
0.00019819999999999997	1.0
0.00019839999999999997	1.0
0.00019859999999999998	1.2000000000000002
0.00019879999999999998	1.2000000000000002
0.00019899999999999999	1.0
0.0001992	1.0
0.0001994	1.0
0.00019959999999999995	1.0
0.00019979999999999995	1.2000000000000002
0.00019999999999999996	0.8
0.00020019999999999996	0.8
0.00020039999999999997	1.0
0.00020059999999999997	1.0
0.00020079999999999997	0.8
0.00020099999999999998	1.2000000000000002
0.00020119999999999998	0.8
0.0002014	1.0
0.0002016	1.0
0.0002018	0.8
0.00020199999999999995	1.0
0.00020219999999999995	0.8
0.00020239999999999996	1.0
0.00020259999999999996	0.8
0.00020279999999999997	0.8
0.00020299999999999997	0.8
0.00020319999999999998	0.8
0.00020339999999999998	1.0
0.0002036	0.8
0.0002038	0.8
0.000204	0.8
0.00020419999999999995	0.8
0.00020439999999999995	0.8
0.00020459999999999996	0.8
0.00020479999999999996	0.6000000000000001
0.00020499999999999997	0.4
0.00020519999999999997	0.8
0.00020539999999999998	0.8
0.00020559999999999998	0.6000000000000001
0.0002058	0.8
0.000206	0.8
0.0002062	1.0
0.00020639999999999995	1.0
0.00020659999999999995	0.8
0.00020679999999999996	1.0
0.00020699999999999996	1.0
0.00020719999999999997	1.0
0.00020739999999999997	1.0
0.00020759999999999998	1.0
0.00020779999999999998	0.8
0.000208	1.0
0.0002082	0.8
0.0002084	0.6000000000000001
0.00020859999999999995	0.8
0.00020879999999999995	0.4
0.00020899999999999996	0.4
0.00020919999999999996	0.6000000000000001
0.00020939999999999997	0.8
0.00020959999999999997	0.8
0.00020979999999999998	0.6000000000000001
0.00020999999999999998	0.8
0.0002102	0.8
0.0002104	0.8
0.0002106	0.8
0.00021079999999999995	0.8
0.00021099999999999995	0.8
0.00021119999999999996	0.8
0.00021139999999999996	0.8
0.00021159999999999997	0.6000000000000001
0.00021179999999999997	1.0
0.00021199999999999998	0.8
0.00021219999999999998	0.8
0.00021239999999999999	1.0
0.0002126	1.2000000000000002
0.0002128	1.0
0.00021299999999999995	1.0
0.00021319999999999995	0.8
0.00021339999999999996	1.0
0.00021359999999999996	0.8
0.00021379999999999997	0.8
0.00021399999999999997	1.0
0.00021419999999999998	1.2000000000000002
0.00021439999999999998	1.0
0.00021459999999999998	1.0
0.0002148	1.0
0.000215	0.8
0.00021519999999999995	1.2000000000000002
0.00021539999999999995	1.2000000000000002
0.00021559999999999996	1.0
0.00021579999999999996	1.0
0.00021599999999999996	1.2000000000000002
0.00021619999999999997	1.2000000000000002
0.00021639999999999997	1.2000000000000002
0.00021659999999999998	1.0
0.00021679999999999998	1.0
0.000217	1.2000000000000002
0.0002172	1.0
0.00021739999999999994	1.0
0.00021759999999999995	0.8
0.00021779999999999995	0.6000000000000001
0.00021799999999999996	0.6000000000000001
0.00021819999999999996	0.8
0.00021839999999999997	0.8
0.00021859999999999997	0.6000000000000001
0.00021879999999999998	0.6000000000000001
0.00021899999999999998	0.8
0.0002192	0.8
0.0002194	1.0
0.0002196	1.0
0.00021979999999999995	1.0
0.00021999999999999995	0.8
0.00022019999999999996	1.0
0.00022039999999999996	1.0
0.00022059999999999997	1.2000000000000002
0.00022079999999999997	1.2000000000000002
0.00022099999999999998	1.0
0.00022119999999999998	1.2000000000000002
0.0002214	0.8
0.0002216	1.0
0.0002218	1.2000000000000002
0.00022199999999999995	1.0
0.00022219999999999995	0.6000000000000001
0.00022239999999999996	0.6000000000000001
0.00022259999999999996	0.8
0.00022279999999999997	0.8
0.00022299999999999997	0.8
0.00022319999999999998	0.6000000000000001
0.00022339999999999998	0.6000000000000001
0.0002236	1.0
0.0002238	1.0
0.000224	1.0
0.00022419999999999995	0.8
0.00022439999999999995	1.0
0.00022459999999999996	1.0
0.00022479999999999996	1.0
0.00022499999999999997	1.0
0.00022519999999999997	1.0
0.00022539999999999998	0.8
0.00022559999999999998	0.8
0.00022579999999999999	1.0
0.000226	0.6000000000000001
0.0002262	0.8
0.00022639999999999995	0.8
0.00022659999999999995	0.8
0.00022679999999999996	0.8
0.00022699999999999996	0.8
0.00022719999999999997	0.8
0.00022739999999999997	0.8
0.00022759999999999998	0.8
0.00022779999999999998	0.8
0.00022799999999999999	0.8
0.0002282	0.8
0.0002284	1.0
0.00022859999999999995	0.6000000000000001
0.00022879999999999995	0.6000000000000001
0.00022899999999999996	0.8
0.00022919999999999996	1.0
0.00022939999999999997	0.8
0.00022959999999999997	0.6000000000000001
0.00022979999999999997	0.6000000000000001
0.00022999999999999998	0.6000000000000001
0.00023019999999999998	0.6000000000000001
0.0002304	0.6000000000000001
0.0002306	0.6000000000000001
0.00023079999999999995	0.8
0.00023099999999999995	0.6000000000000001
0.00023119999999999995	0.6000000000000001
0.00023139999999999996	0.8
0.00023159999999999996	0.8
0.00023179999999999997	0.6000000000000001
0.00023199999999999997	0.8
0.00023219999999999998	0.8
0.00023239999999999998	0.8
0.0002326	0.8
0.0002328	1.0
0.00023299999999999994	0.8
0.00023319999999999995	1.0
0.00023339999999999995	1.0
0.00023359999999999996	0.8
0.00023379999999999996	1.0
0.00023399999999999997	1.0
0.00023419999999999997	0.6000000000000001
0.00023439999999999998	0.8
0.00023459999999999998	0.6000000000000001
0.0002348	0.6000000000000001
0.000235	0.4
0.00023519999999999994	0.8
0.00023539999999999995	0.8
0.00023559999999999995	0.8
0.00023579999999999996	0.8
0.00023599999999999996	0.8
0.00023619999999999997	0.6000000000000001
0.00023639999999999997	0.8
0.00023659999999999998	0.8
0.00023679999999999998	1.2000000000000002
0.000237	1.0
0.0002372	1.0
0.0002374	0.8
0.00023759999999999995	1.0
0.00023779999999999995	1.2000000000000002
0.00023799999999999996	1.0
0.00023819999999999996	1.2000000000000002
0.00023839999999999997	1.0
0.00023859999999999997	1.2000000000000002
0.00023879999999999998	1.0
0.00023899999999999998	1.0
0.0002392	1.4000000000000001
0.0002394	1.2000000000000002
0.0002396	1.0
0.00023979999999999995	0.8
0.00023999999999999995	1.0
0.00024019999999999996	1.0
0.00024039999999999996	0.8
0.00024059999999999997	1.0
0.00024079999999999997	0.6000000000000001
0.00024099999999999998	0.6000000000000001
0.00024119999999999998	0.8
0.00024139999999999999	0.6000000000000001
0.0002416	0.6000000000000001
0.0002418	0.8
0.00024199999999999995	0.4
0.00024219999999999995	0.6000000000000001
0.00024239999999999996	0.6000000000000001
0.00024259999999999996	0.8
0.00024279999999999997	0.6000000000000001
0.00024299999999999997	0.8
0.00024319999999999998	0.8
0.00024339999999999998	0.8
0.00024359999999999999	0.8
0.0002438	1.0
0.000244	1.0
0.00024419999999999997	1.0
0.0002444	1.0
0.0002446	1.0
0.0002448	0.8
0.000245	1.0
0.0002452	0.6000000000000001
0.0002454	0.8
0.0002456	0.8
0.0002458	0.8
0.000246	0.8
0.0002462	0.8
0.0002463999999999999	0.8
0.0002465999999999999	0.8
0.00024679999999999993	0.8
0.00024699999999999993	0.8
0.00024719999999999994	0.8
0.00024739999999999994	0.6000000000000001
0.00024759999999999995	0.8
0.00024779999999999995	0.6000000000000001
0.00024799999999999996	0.6000000000000001
0.00024819999999999996	0.8
0.00024839999999999997	0.8
0.00024859999999999997	1.0
0.0002488	0.8
0.000249	0.8
0.0002492	0.8
0.0002494	0.6000000000000001
0.0002496	1.0
0.0002498	0.8
0.00025	0.8
0.0002502	0.6000000000000001
0.0002504	0.6000000000000001
0.0002506	0.6000000000000001
0.0002507999999999999	0.6000000000000001
0.0002509999999999999	0.4
0.0002511999999999999	0.8
0.00025139999999999993	0.8
0.00025159999999999994	0.4
0.00025179999999999994	0.2
0.00025199999999999995	0.4
0.00025219999999999995	0.6000000000000001
0.00025239999999999996	0.4
0.00025259999999999996	0.4
0.00025279999999999996	0.4
0.00025299999999999997	0.4
0.0002532	0.8
0.0002534	0.4
0.0002536	0.6000000000000001
0.0002538	0.6000000000000001
0.000254	0.6000000000000001
0.0002542	0.6000000000000001
0.0002544	0.6000000000000001
0.0002546	0.6000000000000001
0.0002548	0.4
0.000255	0.4
0.0002552	0.6000000000000001
0.0002553999999999999	0.4
0.0002555999999999999	0.8
0.00025579999999999993	0.6000000000000001
0.00025599999999999993	0.6000000000000001
0.00025619999999999994	0.8
0.00025639999999999994	1.0
0.00025659999999999995	1.0
0.00025679999999999995	1.2000000000000002
0.00025699999999999996	1.4000000000000001
0.00025719999999999996	1.0
0.00025739999999999997	1.0
0.0002576	1.2000000000000002
0.0002578	1.0
0.000258	1.0
0.0002582	1.0
0.0002584	1.0
0.0002586	0.8
0.0002588	0.8
0.000259	1.0
0.0002592	1.0
0.0002594	1.0
0.0002596	0.8
0.0002597999999999999	1.0
0.0002599999999999999	0.6000000000000001
0.00026019999999999993	1.0
0.00026039999999999993	1.0
0.00026059999999999994	1.0
0.00026079999999999994	0.8
0.00026099999999999995	0.8
0.00026119999999999995	1.2000000000000002
0.00026139999999999996	1.0
0.00026159999999999996	0.8
0.00026179999999999997	0.8
0.00026199999999999997	0.6000000000000001
0.0002622	0.8
0.0002624	0.8
0.0002626	0.8
0.0002628	0.8
0.000263	1.0
0.0002632	0.8
0.0002634	1.0
0.0002636	0.8
0.0002638	0.8
0.000264	0.8
0.0002641999999999999	0.6000000000000001
0.0002643999999999999	0.6000000000000001
0.0002645999999999999	0.6000000000000001
0.00026479999999999993	0.6000000000000001
0.00026499999999999994	0.8
0.00026519999999999994	0.8
0.00026539999999999995	0.8
0.00026559999999999995	0.8
0.00026579999999999996	0.6000000000000001
0.00026599999999999996	0.6000000000000001
0.00026619999999999997	0.8
0.00026639999999999997	0.6000000000000001
0.0002666	0.6000000000000001
0.0002668	1.0
0.000267	0.8
0.0002672	0.8
0.0002674	0.8
0.0002676	0.6000000000000001
0.0002678	0.6000000000000001
0.000268	0.8
0.0002682	0.8
0.0002684	1.0
0.0002685999999999999	0.8
0.0002687999999999999	1.0
0.0002689999999999999	1.0
0.00026919999999999993	0.8
0.00026939999999999993	1.0
0.00026959999999999994	1.0
0.00026979999999999994	0.6000000000000001
0.00026999999999999995	0.6000000000000001
0.00027019999999999995	0.6000000000000001
0.00027039999999999996	0.4
0.00027059999999999996	0.6000000000000001
0.00027079999999999997	0.6000000000000001
0.000271	0.6000000000000001
0.0002712	0.8
0.0002714	0.8
0.0002716	0.6000000000000001
0.0002718	0.6000000000000001
0.000272	0.8
0.0002722	0.8
0.0002724	0.8
0.0002726	0.6000000000000001
0.0002728	0.6000000000000001
0.000273	0.8
0.0002731999999999999	0.6000000000000001
0.0002733999999999999	0.6000000000000001
0.00027359999999999993	0.8
0.00027379999999999993	0.8
0.00027399999999999994	0.8
0.00027419999999999994	0.8
0.00027439999999999995	0.8
0.00027459999999999995	0.8
0.00027479999999999996	1.0
0.00027499999999999996	0.6000000000000001
0.00027519999999999997	0.6000000000000001
0.00027539999999999997	0.8
0.0002756	1.0
0.0002758	0.6000000000000001
0.000276	0.8
0.0002762	0.8
0.0002764	1.0
0.0002766	0.8
0.0002768	1.0
0.000277	1.0
0.0002772	0.8
0.0002774	0.8
0.0002775999999999999	0.8
0.0002777999999999999	1.0
0.0002779999999999999	0.6000000000000001
0.00027819999999999993	0.6000000000000001
0.00027839999999999994	0.6000000000000001
0.00027859999999999994	0.8
0.00027879999999999995	1.0
0.00027899999999999995	0.8
0.00027919999999999996	0.8
0.00027939999999999996	0.8
0.00027959999999999997	1.0
0.00027979999999999997	0.8
0.00028	0.6000000000000001
0.0002802	0.6000000000000001
0.0002804	0.8
0.0002806	0.6000000000000001
0.0002808	0.8
0.000281	0.8
0.0002812	0.8
0.0002814	0.8
0.0002816	0.8
0.0002818	0.6000000000000001
0.0002819999999999999	0.6000000000000001
0.0002821999999999999	0.6000000000000001
0.0002823999999999999	0.8
0.00028259999999999993	0.6000000000000001
0.00028279999999999994	0.6000000000000001
0.00028299999999999994	0.8
0.00028319999999999994	0.8
0.00028339999999999995	0.6000000000000001
0.00028359999999999995	0.6000000000000001
0.00028379999999999996	0.6000000000000001
0.00028399999999999996	0.4
0.00028419999999999997	0.4
0.0002844	0.6000000000000001
0.0002846	0.6000000000000001
0.0002848	0.4
0.000285	0.8
0.0002852	0.6000000000000001
0.0002854	0.8
0.0002856	0.6000000000000001
0.0002858	0.6000000000000001
0.000286	0.6000000000000001
0.0002862	0.8
0.0002864	0.8
0.0002865999999999999	0.8
0.0002867999999999999	1.0
0.00028699999999999993	0.6000000000000001
0.00028719999999999993	1.0
0.00028739999999999994	0.8
0.00028759999999999994	0.8
0.00028779999999999995	0.8
0.00028799999999999995	0.8
0.00028819999999999996	0.8
0.00028839999999999996	0.8
0.00028859999999999997	0.8
0.00028879999999999997	1.0
0.000289	0.6000000000000001
0.0002892	0.8
0.0002894	0.4
0.0002896	0.6000000000000001
0.0002898	0.6000000000000001
0.00029	0.6000000000000001
0.0002902	0.6000000000000001
0.0002904	0.6000000000000001
0.0002906	0.8
0.0002908	0.8
0.000291	0.8
0.00029120000000000003	0.8
0.00029140000000000004	0.8
0.00029160000000000004	0.8
0.00029180000000000005	0.8
0.00029199999999999994	0.6000000000000001
0.00029219999999999995	0.8
0.00029239999999999995	0.6000000000000001
0.00029259999999999996	1.0
0.00029279999999999996	1.0
0.00029299999999999997	0.6000000000000001
0.00029319999999999997	0.6000000000000001
0.0002934	0.8
0.0002936	0.6000000000000001
0.0002938	0.6000000000000001
0.000294	0.4
0.0002942	0.6000000000000001
0.0002944	0.6000000000000001
0.0002946	0.4
0.0002948	0.4
0.000295	0.4
0.0002952	0.6000000000000001
0.0002954	0.8
0.00029560000000000003	0.6000000000000001
0.00029580000000000003	0.4
0.00029600000000000004	0.4
0.00029620000000000004	0.6000000000000001
0.00029640000000000005	0.6000000000000001
0.00029659999999999995	0.6000000000000001
0.00029679999999999995	0.6000000000000001
0.00029699999999999996	0.6000000000000001
0.00029719999999999996	0.6000000000000001
0.00029739999999999996	0.4
0.00029759999999999997	1.0
0.0002978	0.6000000000000001
0.000298	0.6000000000000001
0.0002982	0.6000000000000001
0.0002984	0.8
0.0002986	0.8
0.0002988	0.8
0.000299	0.4
0.0002992	0.6000000000000001
0.0002994	0.6000000000000001
0.0002996	0.8
0.0002998	0.8
