
#Time	Voltage
-0.000388	0.2
-0.0003876	0.2
-0.0003872	0.0
-0.0003868	0.2
-0.0003864	0.2
-0.000386	0.0
-0.0003856	0.0
-0.0003852	0.2
-0.0003848	0.2
-0.0003844	0.2
-0.000384	0.2
-0.0003836	0.0
-0.0003832	0.0
-0.0003828	0.2
-0.0003824	0.2
-0.000382	0.2
-0.0003816	0.6000000000000001
-0.0003812	0.6000000000000001
-0.0003808	0.6000000000000001
-0.0003804	0.4
-0.00038	0.2
-0.0003796	0.2
-0.0003792	0.2
-0.0003788	0.0
-0.0003784	0.4
-0.00037799999999999997	0.2
-0.0003776	0.2
-0.0003772	0.2
-0.0003768	0.4
-0.0003764	0.2
-0.000376	0.4
-0.0003756	0.4
-0.0003752	0.4
-0.0003748	0.2
-0.0003744	0.4
-0.000374	0.2
-0.0003736	0.2
-0.0003732	0.2
-0.0003728	0.2
-0.0003724	0.4
-0.000372	0.2
-0.0003716	0.2
-0.0003712	0.2
-0.0003708	0.4
-0.0003704	0.6000000000000001
-0.00037	0.0
-0.0003696	0.2
-0.0003692	0.0
-0.0003688	0.2
-0.0003684	0.2
-0.000368	0.4
-0.0003676	0.2
-0.0003672	0.4
-0.0003668	0.2
-0.0003664	0.2
-0.000366	0.0
-0.0003656	0.2
-0.0003652	0.2
-0.0003648	0.4
-0.0003644	0.2
-0.000364	0.2
-0.0003636	0.0
-0.0003632	0.2
-0.0003628	0.2
-0.0003624	0.4
-0.000362	0.4
-0.0003616	0.4
-0.0003612	0.2
-0.0003608	0.2
-0.0003604	0.4
-0.00036	0.4
-0.0003596	0.4
-0.0003592	0.2
-0.0003588	0.4
-0.0003584	0.2
-0.00035800000000000003	0.4
-0.0003576	0.2
-0.0003572	0.2
-0.0003568	0.0
-0.0003564	0.2
-0.000356	0.2
-0.00035559999999999997	0.4
-0.0003552	0.2
-0.0003548	0.2
-0.0003544	0.0
-0.000354	0.4
-0.00035360000000000003	0.2
-0.0003532	0.2
-0.0003528	0.0
-0.0003524	0.0
-0.000352	0.0
-0.0003516	0.2
-0.00035119999999999997	0.2
-0.0003508	0.0
-0.0003504	0.2
-0.00035	0.2
-0.0003496	0.2
-0.0003492	0.4
-0.0003488	0.2
-0.0003484	0.2
-0.000348	0.4
-0.0003476	0.2
-0.0003472	0.4
-0.00034679999999999997	0.6000000000000001
-0.0003464	0.4
-0.000346	0.4
-0.0003456	0.4
-0.0003452	0.6000000000000001
-0.0003448	0.4
-0.0003444	0.4
-0.000344	0.0
-0.0003436	0.0
-0.0003432	0.2
-0.0003428	0.0
-0.0003424	0.2
-0.000342	0.0
-0.0003416	0.4
-0.0003412	0.6000000000000001
-0.0003408	0.2
-0.0003404	0.4
-0.00034	0.4
-0.0003396	0.4
-0.0003392	0.4
-0.0003388	0.4
-0.0003384	0.2
-0.000338	0.0
-0.0003376	0.2
-0.0003372	0.4
-0.0003368	0.4
-0.0003364	0.8
-0.000336	0.4
-0.0003356	0.2
-0.0003352	0.4
-0.0003348	0.4
-0.0003344	0.4
-0.000334	0.2
-0.0003336	0.4
-0.0003332	0.4
-0.0003328	0.4
-0.0003324	0.2
-0.000332	0.2
-0.0003316	0.2
-0.00033120000000000003	0.2
-0.0003308	0.2
-0.0003304	0.0
-0.00033	0.0
-0.0003296	0.2
-0.0003292	0.4
-0.0003288	0.2
-0.0003284	0.4
-0.000328	0.4
-0.0003276	0.2
-0.0003272	0.0
-0.00032680000000000003	0.2
-0.0003264	0.2
-0.000326	0.4
-0.0003256	0.4
-0.0003252	0.4
-0.0003248	0.4
-0.00032439999999999997	0.6000000000000001
-0.000324	0.4
-0.0003236	0.4
-0.0003232	0.4
-0.0003228	0.2
-0.00032240000000000003	0.4
-0.000322	0.2
-0.0003216	0.4
-0.0003212	0.6000000000000001
-0.0003208	0.2
-0.0003204	0.2
-0.00031999999999999997	0.2
-0.0003196	0.2
-0.0003192	0.4
-0.0003188	0.0
-0.0003184	0.2
-0.00031800000000000003	0.2
-0.0003176	0.0
-0.0003172	0.4
-0.0003168	0.4
-0.0003164	0.4
-0.000316	0.4
-0.0003156	0.2
-0.0003152	0.4
-0.0003148	0.2
-0.0003144	0.4
-0.000314	0.2
-0.00031360000000000003	0.4
-0.0003132	0.0
-0.0003128	0.4
-0.0003124	0.4
-0.000312	0.2
-0.0003116	0.2
-0.0003112	0.2
-0.0003108	0.2
-0.0003104	0.4
-0.00031	0.2
-0.0003096	0.2
-0.00030920000000000003	0.2
-0.0003088	0.2
-0.0003084	0.2
-0.000308	0.2
-0.0003076	0.2
-0.0003072	0.4
-0.0003068	0.2
-0.0003064	0.6000000000000001
-0.000306	0.4
-0.0003056	0.4
-0.0003052	0.4
-0.00030480000000000004	0.6000000000000001
-0.0003044	0.0
-0.000304	0.0
-0.0003036	0.4
-0.0003032	0.0
-0.0003028	0.4
-0.0003024	0.4
-0.000302	0.6000000000000001
-0.0003016	0.6000000000000001
-0.0003012	0.6000000000000001
-0.0003008	0.4
-0.0003004	0.2
-0.00030000000000000003	0.2
-0.0002996	0.4
-0.0002992	0.4
-0.0002988	0.4
-0.0002984	0.2
-0.000298	0.0
-0.00029759999999999997	0.2
-0.0002972	0.4
-0.0002968	0.2
-0.0002964	0.0
-0.000296	0.2
-0.00029560000000000003	0.0
-0.0002952	0.2
-0.0002948	0.4
-0.0002944	0.2
-0.000294	0.4
-0.0002936	0.0
-0.00029319999999999997	0.4
-0.0002928	0.4
-0.0002924	0.2
-0.000292	0.4
-0.0002916	0.2
-0.00029120000000000003	0.4
-0.0002908	0.2
-0.0002904	0.0
-0.00029	0.2
-0.0002896	0.2
-0.0002892	0.4
-0.00028879999999999997	0.2
-0.0002884	0.2
-0.000288	0.4
-0.0002876	0.2
-0.0002872	0.2
-0.00028680000000000003	0.2
-0.0002864	0.0
-0.000286	0.2
-0.0002856	0.4
-0.0002852	0.2
-0.0002848	0.2
-0.0002844	0.2
-0.000284	0.6000000000000001
-0.0002836	0.4
-0.0002832	0.8
-0.0002828	0.8
-0.00028240000000000003	0.6000000000000001
-0.000282	0.4
-0.0002816	0.4
-0.0002812	0.2
-0.0002808	0.2
-0.0002804	0.0
-0.00028	0.2
-0.0002796	0.4
-0.0002792	0.2
-0.0002788	0.2
-0.0002784	0.2
-0.00027800000000000004	0.2
-0.0002776	0.4
-0.0002772	0.4
-0.0002768	0.4
-0.0002764	0.2
-0.000276	0.4
-0.0002756	0.2
-0.0002752	0.4
-0.0002748	0.4
-0.0002744	0.4
-0.000274	0.4
-0.00027360000000000004	0.0
-0.0002732	0.2
-0.0002728	0.2
-0.0002724	0.2
-0.000272	0.2
-0.0002716	0.2
-0.0002712	0.4
-0.0002708	0.4
-0.0002704	0.4
-0.00027	0.6000000000000001
-0.0002696	0.4
-0.0002692	0.6000000000000001
-0.00026880000000000003	0.4
-0.0002684	0.2
-0.000268	0.4
-0.0002676	0.4
-0.0002672	0.4
-0.0002668	0.4
-0.00026639999999999997	0.6000000000000001
-0.000266	0.6000000000000001
-0.0002656	0.6000000000000001
-0.0002652	0.8
-0.00026480000000000004	0.2
-0.00026440000000000003	0.2
-0.000264	0.2
-0.0002636	0.2
-0.0002632	0.2
-0.0002628	0.0
-0.0002624	0.4
-0.00026199999999999997	0.4
-0.0002616	0.0
-0.0002612	0.0
-0.0002608	0.0
-0.00026040000000000004	0.2
-0.00026000000000000003	0.2
-0.0002596	0.4
-0.0002592	0.4
-0.0002588	0.4
-0.0002584	0.2
-0.000258	0.4
-0.0002576	0.2
-0.0002572	0.2
-0.0002568	0.2
-0.0002564	0.4
-0.00025600000000000004	0.4
-0.00025560000000000003	0.4
-0.0002552	0.4
-0.0002548	0.2
-0.0002544	0.4
-0.000254	0.2
-0.0002536	0.4
-0.0002532	0.4
-0.00025279999999999996	0.0
-0.0002524	0.2
-0.000252	0.2
-0.00025160000000000004	0.4
-0.00025120000000000003	0.0
-0.0002508	0.0
-0.0002504	0.4
-0.00025	0.4
-0.0002496	0.2
-0.0002492	0.2
-0.0002488	0.2
-0.00024839999999999997	0.2
-0.000248	0.2
-0.0002476	0.2
-0.0002472	0.2
-0.00024680000000000004	0.4
-0.0002464	0.4
-0.000246	0.6000000000000001
-0.0002456	0.4
-0.0002452	0.4
-0.0002448	0.4
-0.0002444	0.4
-0.000244	0.2
-0.0002436	0.6000000000000001
-0.0002432	0.6000000000000001
-0.0002428	0.4
-0.0002424	0.2
-0.000242	0.2
-0.00024160000000000002	0.2
-0.0002412	0.2
-0.0002408	0.4
-0.00024040000000000002	0.2
-0.00024	0.4
-0.0002396	0.2
-0.00023920000000000001	0.4
-0.0002388	0.4
-0.0002384	0.2
-0.000238	0.2
-0.0002376	0.2
-0.0002372	0.4
-0.0002368	0.4
-0.0002364	0.4
-0.00023600000000000002	0.2
-0.0002356	0.2
-0.0002352	0.2
-0.00023480000000000002	0.2
-0.0002344	0.2
-0.000234	0.2
-0.0002336	0.2
-0.0002332	0.2
-0.0002328	0.4
-0.0002324	0.4
-0.000232	0.4
-0.00023160000000000002	0.4
-0.0002312	0.6000000000000001
-0.0002308	0.4
-0.00023040000000000002	0.2
-0.00023	0.2
-0.0002296	0.2
-0.00022920000000000001	0.4
-0.0002288	0.2
-0.0002284	0.4
-0.000228	0.4
-0.0002276	0.4
-0.0002272	0.4
-0.0002268	0.4
-0.0002264	0.4
-0.00022600000000000002	0.4
-0.0002256	0.2
-0.0002252	0.0
-0.00022480000000000002	0.2
-0.0002244	0.2
-0.000224	0.2
-0.00022360000000000001	0.0
-0.0002232	0.0
-0.0002228	0.4
-0.0002224	0.4
-0.000222	0.2
-0.00022160000000000002	0.2
-0.0002212	0.2
-0.0002208	0.4
-0.00022040000000000002	0.6000000000000001
-0.00022	0.2
-0.0002196	0.2
-0.00021920000000000002	0.2
-0.0002188	0.4
-0.0002184	0.4
-0.000218	0.2
-0.0002176	0.4
-0.0002172	0.0
-0.0002168	0.2
-0.0002164	0.2
-0.00021600000000000002	0.4
-0.0002156	0.4
-0.0002152	0.2
-0.00021480000000000002	0.2
-0.0002144	0.0
-0.000214	0.4
-0.00021360000000000001	0.2
-0.0002132	0.2
-0.0002128	0.2
-0.0002124	0.2
-0.000212	0.4
-0.0002116	0.2
-0.0002112	0.2
-0.0002108	0.4
-0.00021040000000000002	0.4
-0.00021	0.4
-0.0002096	0.4
-0.00020920000000000002	0.4
-0.0002088	0.6000000000000001
-0.0002084	0.4
-0.00020800000000000001	0.2
-0.0002076	0.2
-0.0002072	0.4
-0.0002068	0.2
-0.0002064	0.6000000000000001
-0.00020600000000000002	0.2
-0.0002056	0.4
-0.0002052	0.4
-0.00020480000000000002	0.2
-0.0002044	0.2
-0.000204	0.4
-0.00020360000000000002	0.2
-0.0002032	0.0
-0.0002028	0.2
-0.00020240000000000001	0.2
-0.000202	0.2
-0.0002016	0.2
-0.0002012	0.4
-0.0002008	0.4
-0.00020040000000000002	0.2
-0.0002	0.2
-0.0001996	0.4
-0.00019920000000000002	0.4
-0.0001988	0.2
-0.0001984	0.4
-0.00019800000000000002	0.4
-0.0001976	0.6000000000000001
-0.0001972	0.4
-0.0001968	0.2
-0.0001964	0.4
-0.000196	0.2
-0.0001956	0.2
-0.0001952	0.2
-0.00019480000000000002	0.2
-0.0001944	0.2
-0.000194	0.2
-0.00019360000000000002	0.2
-0.0001932	0.4
-0.0001928	0.2
-0.00019240000000000001	0.2
-0.000192	0.2
-0.0001916	0.4
-0.0001912	0.2
-0.0001908	0.2
-0.00019040000000000002	0.0
-0.00019	0.0
-0.0001896	0.2
-0.00018920000000000002	0.2
-0.0001888	0.0
-0.0001884	0.4
-0.00018800000000000002	0.2
-0.0001876	0.0
-0.0001872	0.2
-0.00018680000000000001	0.4
-0.0001864	0.4
-0.000186	0.6000000000000001
-0.0001856	0.0
-0.0001852	0.0
-0.00018480000000000002	0.2
-0.0001844	0.0
-0.000184	0.2
-0.00018360000000000002	0.4
-0.0001832	0.6000000000000001
-0.0001828	0.4
-0.00018240000000000002	0.2
-0.000182	0.2
-0.0001816	0.2
-0.0001812	0.4
-0.0001808	0.6000000000000001
-0.00018040000000000002	0.4
-0.00018	0.4
-0.0001796	0.4
-0.00017920000000000002	0.4
-0.0001788	0.2
-0.0001784	0.0
-0.00017800000000000002	0.2
-0.0001776	0.2
-0.0001772	0.4
-0.00017680000000000001	0.2
-0.0001764	0.4
-0.000176	0.2
-0.0001756	0.2
-0.0001752	0.6000000000000001
-0.00017480000000000002	0.2
-0.0001744	0.4
-0.000174	0.4
-0.00017360000000000002	0.4
-0.0001732	0.4
-0.0001728	0.6000000000000001
-0.00017240000000000002	0.4
-0.000172	0.4
-0.0001716	0.2
-0.00017120000000000001	0.2
-0.0001708	0.4
-0.00017040000000000002	0.4
-0.00017	0.2
-0.0001696	0.2
-0.00016920000000000002	0.4
-0.0001688	0.4
-0.0001684	0.2
-0.00016800000000000002	0.4
-0.0001676	0.2
-0.0001672	0.2
-0.00016680000000000002	0.2
-0.0001664	0.4
-0.000166	0.2
-0.00016560000000000001	0.2
-0.0001652	0.2
-0.00016480000000000002	0.0
-0.0001644	0.2
-0.000164	0.2
-0.00016360000000000002	0.2
-0.0001632	0.2
-0.0001628	0.4
-0.00016240000000000002	0.2
-0.000162	0.2
-0.0001616	0.4
-0.00016120000000000002	0.2
-0.0001608	0.4
-0.0001604	0.6000000000000001
-0.00016	0.4
-0.0001596	0.6000000000000001
-0.00015920000000000002	0.2
-0.0001588	0.2
-0.0001584	0.4
-0.00015800000000000002	0.4
-0.0001576	0.4
-0.0001572	0.4
-0.00015680000000000002	0.4
-0.0001564	0.2
-0.000156	0.2
-0.00015560000000000001	0.4
-0.0001552	0.2
-0.00015480000000000002	0.4
-0.0001544	0.4
-0.000154	0.4
-0.00015360000000000002	0.2
-0.0001532	0.4
-0.0001528	0.2
-0.00015240000000000002	0.4
-0.000152	0.4
-0.0001516	0.4
-0.00015120000000000002	0.4
-0.0001508	0.2
-0.0001504	0.4
-0.00015000000000000001	0.2
-0.0001496	0.4
-0.00014920000000000002	0.4
-0.0001488	0.6000000000000001
-0.0001484	0.4
-0.00014800000000000002	0.4
-0.0001476	0.6000000000000001
-0.0001472	0.4
-0.00014680000000000002	0.6000000000000001
-0.0001464	0.6000000000000001
-0.000146	0.4
-0.00014560000000000002	0.6000000000000001
-0.0001452	0.6000000000000001
-0.0001448	0.2
-0.0001444	0.2
-0.000144	0.2
-0.00014360000000000002	0.2
-0.0001432	0.6000000000000001
-0.0001428	0.2
-0.0001424	0.2
-0.00014200000000000004	0.2
-0.00014160000000000003	0.2
-0.00014120000000000002	0.2
-0.0001408	0.2
-0.0001404	0.4
-0.00014	0.2
-0.00013960000000000003	0.4
-0.00013920000000000002	0.2
-0.0001388	0.2
-0.0001384	0.2
-0.000138	0.4
-0.00013759999999999998	0.4
-0.00013720000000000003	0.4
-0.00013680000000000002	0.6000000000000001
-0.0001364	0.4
-0.000136	0.4
-0.0001356	0.6000000000000001
-0.00013520000000000003	0.4
-0.00013480000000000002	0.8
-0.00013440000000000001	0.6000000000000001
-0.000134	0.8
-0.0001336	0.8
-0.00013319999999999999	0.8
-0.00013280000000000003	0.8
-0.00013240000000000002	0.6000000000000001
-0.000132	0.4
-0.0001316	0.6000000000000001
-0.0001312	0.4
-0.00013080000000000004	0.4
-0.00013040000000000003	0.2
-0.00013000000000000002	0.2
-0.0001296	0.2
-0.0001292	0.2
-0.0001288	0.2
-0.00012840000000000003	0.2
-0.00012800000000000002	0.2
-0.0001276	0.4
-0.0001272	0.4
-0.0001268	0.2
-0.00012640000000000004	0.4
-0.00012600000000000003	0.2
-0.00012560000000000002	0.0
-0.0001252	0.0
-0.0001248	0.4
-0.0001244	0.2
-0.00012400000000000003	0.2
-0.00012360000000000002	0.4
-0.0001232	0.2
-0.0001228	0.0
-0.0001224	0.6000000000000001
-0.00012199999999999998	0.2
-0.00012160000000000003	0.2
-0.00012120000000000002	0.6000000000000001
-0.00012080000000000001	0.2
-0.0001204	0.4
-0.00011999999999999999	0.4
-0.00011960000000000003	0.2
-0.00011920000000000002	0.2
-0.00011880000000000001	0.4
-0.0001184	0.2
-0.000118	0.2
-0.00011759999999999999	0.2
-0.00011720000000000003	0.2
-0.00011680000000000002	0.2
-0.00011640000000000001	0.2
-0.000116	0.4
-0.00011559999999999999	0.4
-0.00011520000000000004	0.2
-0.00011480000000000003	0.4
-0.00011440000000000002	0.2
-0.000114	0.0
-0.0001136	0.2
-0.00011319999999999999	0.4
-0.00011280000000000003	0.2
-0.00011240000000000002	0.2
-0.00011200000000000001	0.2
-0.0001116	0.4
-0.00011119999999999999	-0.2
-0.00011080000000000004	0.2
-0.00011040000000000003	0.4
-0.00011000000000000002	0.2
-0.00010960000000000001	0.4
-0.0001092	0.4
-0.00010879999999999999	0.2
-0.00010840000000000003	0.2
-0.00010800000000000002	0.6000000000000001
-0.00010760000000000001	0.4
-0.0001072	0.4
-0.0001068	0.4
-0.00010639999999999998	0.2
-0.00010600000000000003	0.2
-0.00010560000000000002	0.6000000000000001
-0.00010520000000000001	0.4
-0.0001048	0.2
-0.00010439999999999999	0.2
-0.00010400000000000003	0.6000000000000001
-0.00010360000000000002	0.2
-0.00010320000000000001	0.2
-0.0001028	0.4
-0.0001024	0.0
-0.00010199999999999999	0.2
-0.00010160000000000003	0.2
-0.00010120000000000002	0.2
-0.00010080000000000001	0.4
-0.0001004	0.2
-9.999999999999999e-05	0.0
-9.960000000000004e-05	0.2
-9.920000000000003e-05	0.0
-9.880000000000002e-05	0.0
-9.84e-05	0.2
-9.8e-05	0.2
-9.759999999999999e-05	0.4
-9.720000000000003e-05	0.8
-9.680000000000002e-05	0.8
-9.640000000000001e-05	0.6000000000000001
-9.6e-05	0.6000000000000001
-9.559999999999999e-05	0.4
-9.520000000000004e-05	0.6000000000000001
-9.480000000000003e-05	0.4
-9.440000000000002e-05	0.2
-9.400000000000001e-05	0.4
-9.36e-05	0.2
-9.319999999999999e-05	0.4
-9.280000000000003e-05	0.2
-9.240000000000002e-05	0.2
-9.200000000000001e-05	0.4
-9.16e-05	0.4
-9.12e-05	0.4
-9.080000000000004e-05	0.0
-9.040000000000003e-05	0.0
-9.000000000000002e-05	0.2
-8.960000000000001e-05	0.4
-8.92e-05	0.2
-8.879999999999999e-05	0.2
-8.840000000000003e-05	0.2
-8.800000000000002e-05	0.2
-8.760000000000002e-05	0.4
-8.72e-05	0.6000000000000001
-8.68e-05	0.4
-8.639999999999999e-05	0.2
-8.600000000000003e-05	0.2
-8.560000000000002e-05	0.0
-8.520000000000001e-05	0.4
-8.48e-05	0.4
-8.439999999999999e-05	0.2
-8.400000000000004e-05	0.4
-8.360000000000003e-05	0.2
-8.320000000000002e-05	0.2
-8.280000000000001e-05	0.2
-8.24e-05	0.2
-8.199999999999999e-05	0.2
-8.160000000000003e-05	0.4
-8.120000000000002e-05	0.2
-8.080000000000001e-05	0.2
-8.04e-05	0.2
-7.999999999999999e-05	0.2
-7.960000000000004e-05	0.0
-7.920000000000003e-05	0.6000000000000001
-7.880000000000002e-05	0.4
-7.840000000000001e-05	0.4
-7.8e-05	0.2
-7.759999999999999e-05	0.4
-7.720000000000003e-05	0.2
-7.680000000000002e-05	0.2
-7.640000000000001e-05	0.2
-7.6e-05	0.2
-7.56e-05	0.2
-7.520000000000004e-05	0.4
-7.480000000000003e-05	0.4
-7.440000000000002e-05	0.4
-7.400000000000001e-05	0.4
-7.36e-05	0.2
-7.319999999999999e-05	0.2
-7.280000000000003e-05	0.4
-7.240000000000003e-05	0.2
-7.200000000000002e-05	0.4
-7.16e-05	0.4
-7.12e-05	0.4
-7.079999999999999e-05	0.4
-7.040000000000003e-05	0.2
-7.000000000000002e-05	0.4
-6.960000000000001e-05	0.6000000000000001
-6.92e-05	0.2
-6.879999999999999e-05	0.2
-6.840000000000004e-05	0.4
-6.800000000000003e-05	0.4
-6.760000000000002e-05	0.2
-6.720000000000001e-05	0.2
-6.68e-05	0.0
-6.639999999999999e-05	0.2
-6.600000000000003e-05	0.4
-6.560000000000002e-05	0.0
-6.520000000000001e-05	0.2
-6.48e-05	0.0
-6.44e-05	0.2
-6.400000000000004e-05	0.2
-6.360000000000003e-05	0.2
-6.320000000000002e-05	0.0
-6.280000000000001e-05	0.2
-6.24e-05	0.2
-6.199999999999999e-05	0.6000000000000001
-6.160000000000003e-05	0.4
-6.120000000000002e-05	0.2
-6.0800000000000014e-05	0.2
-6.0400000000000004e-05	0.2
-5.9999999999999995e-05	0.2
-5.960000000000004e-05	0.2
-5.920000000000003e-05	0.6000000000000001
-5.880000000000002e-05	0.4
-5.840000000000001e-05	0.4
-5.8e-05	0.4
-5.759999999999999e-05	0.2
-5.7200000000000035e-05	0.2
-5.6800000000000025e-05	0.4
-5.6400000000000016e-05	0.2
-5.6000000000000006e-05	0.2
-5.5599999999999996e-05	0.4
-5.520000000000004e-05	0.2
-5.480000000000003e-05	0.2
-5.440000000000002e-05	0.4
-5.400000000000001e-05	0.2
-5.36e-05	0.4
-5.319999999999999e-05	0.0
-5.2800000000000037e-05	0.2
-5.240000000000003e-05	0.2
-5.200000000000002e-05	0.6000000000000001
-5.160000000000001e-05	0.6000000000000001
-5.12e-05	0.2
-5.079999999999999e-05	0.2
-5.040000000000003e-05	0.6000000000000001
-5.000000000000002e-05	0.4
-4.960000000000001e-05	0.2
-4.92e-05	0.4
-4.8799999999999994e-05	0.4
-4.840000000000004e-05	0.4
-4.800000000000003e-05	0.4
-4.760000000000002e-05	0.2
-4.720000000000001e-05	0.4
-4.68e-05	0.4
-4.639999999999999e-05	0.4
-4.6000000000000034e-05	0.2
-4.5600000000000024e-05	0.4
-4.5200000000000014e-05	0.2
-4.4800000000000005e-05	0.0
-4.4399999999999995e-05	0.2
-4.400000000000004e-05	0.2
-4.360000000000003e-05	0.2
-4.320000000000002e-05	0.2
-4.280000000000001e-05	0.0
-4.24e-05	0.2
-4.199999999999999e-05	0.4
-4.1600000000000035e-05	0.2
-4.1200000000000026e-05	0.4
-4.0800000000000016e-05	0.2
-4.0400000000000006e-05	0.2
-3.9999999999999996e-05	0.0
-3.960000000000004e-05	0.4
-3.920000000000003e-05	0.6000000000000001
-3.880000000000002e-05	0.4
-3.840000000000001e-05	0.2
-3.8e-05	0.4
-3.759999999999999e-05	0.2
-3.720000000000004e-05	0.2
-3.680000000000003e-05	0.2
-3.640000000000002e-05	0.2
-3.600000000000001e-05	0.0
-3.56e-05	0.2
-3.519999999999999e-05	0.2
-3.480000000000003e-05	0.2
-3.440000000000002e-05	0.6000000000000001
-3.400000000000001e-05	0.4
-3.3600000000000004e-05	0.4
-3.3199999999999994e-05	0.4
-3.280000000000004e-05	0.4
-3.240000000000003e-05	0.4
-3.200000000000002e-05	0.2
-3.160000000000001e-05	0.2
-3.12e-05	0.2
-3.079999999999999e-05	0.0
-3.0400000000000034e-05	0.2
-3.0000000000000024e-05	0.4
-2.9600000000000015e-05	0.4
-2.9200000000000005e-05	0.4
-2.8799999999999995e-05	0.4
-2.840000000000004e-05	0.4
-2.800000000000003e-05	0.4
-2.760000000000002e-05	0.6000000000000001
-2.720000000000001e-05	0.2
-2.68e-05	0.2
-2.639999999999999e-05	0.2
-2.6000000000000036e-05	0.0
-2.5600000000000026e-05	0.2
-2.5200000000000016e-05	0.0
-2.4800000000000007e-05	0.2
-2.4399999999999997e-05	0.2
-2.400000000000004e-05	0.2
-2.360000000000003e-05	0.0
-2.3200000000000022e-05	0.2
-2.2800000000000012e-05	0.2
-2.2400000000000002e-05	0.2
-2.1999999999999993e-05	0.0
-2.1600000000000037e-05	0.4
-2.1200000000000027e-05	0.2
-2.0800000000000018e-05	0.0
-2.0400000000000008e-05	0.2
-1.9999999999999998e-05	0.2
-1.959999999999999e-05	0.2
-1.9200000000000033e-05	0.0
-1.8800000000000023e-05	0.2
-1.8400000000000014e-05	0.2
-1.8000000000000004e-05	0.2
-1.7599999999999994e-05	0.2
-1.720000000000004e-05	0.0
-1.680000000000003e-05	0.4
-1.640000000000002e-05	0.0
-1.600000000000001e-05	0.4
-1.56e-05	0.4
-1.519999999999999e-05	0.4
-1.4800000000000034e-05	0.4
-1.4400000000000025e-05	0.2
-1.4000000000000015e-05	0.4
-1.3600000000000005e-05	0.4
-1.3199999999999996e-05	0.0
-1.280000000000004e-05	0.2
-1.240000000000003e-05	0.2
-1.200000000000002e-05	0.2
-1.1600000000000011e-05	0.2
-1.1200000000000001e-05	0.4
-1.0799999999999991e-05	0.4
-1.0400000000000036e-05	0.2
-1.0000000000000026e-05	0.2
-9.600000000000017e-06	0.4
-9.200000000000007e-06	0.2
-8.799999999999997e-06	0.2
-8.400000000000042e-06	0.2
-8.000000000000032e-06	0.2
-7.600000000000022e-06	0.2
-7.200000000000012e-06	0.2
-6.800000000000003e-06	0.2
-6.399999999999993e-06	0.0
-6.000000000000037e-06	0.4
-5.600000000000028e-06	0.2
-5.200000000000018e-06	0.4
-4.800000000000008e-06	0.4
-4.3999999999999985e-06	0.4
-3.999999999999989e-06	0.4
-3.6000000000000333e-06	0.6000000000000001
-3.2000000000000236e-06	0.4
-2.800000000000014e-06	0.2
-2.400000000000004e-06	0.6000000000000001
-1.9999999999999944e-06	0.4
-1.6000000000000389e-06	0.2
-1.2000000000000292e-06	0.4
-8.000000000000194e-07	0.0
-4.000000000000097e-07	0.4
0.0	0.2
4.000000000000097e-07	0.4
7.999999999999652e-07	0.2
1.199999999999975e-06	0.2
1.5999999999999847e-06	0.4
1.9999999999999944e-06	0.0
2.400000000000004e-06	0.4
2.7999999999999596e-06	0.4
3.1999999999999694e-06	0.0
3.599999999999979e-06	0.0
3.999999999999989e-06	0.2
4.3999999999999985e-06	0.2
4.800000000000008e-06	0.2
5.199999999999964e-06	0.2
5.5999999999999735e-06	0.0
5.999999999999983e-06	0.0
6.399999999999993e-06	0.0
6.800000000000003e-06	0.0
7.199999999999958e-06	0.0
7.599999999999968e-06	-0.2
7.999999999999978e-06	-0.2
8.399999999999987e-06	0.0
8.799999999999997e-06	-0.2
9.200000000000007e-06	0.0
9.599999999999962e-06	0.0
9.999999999999972e-06	0.0
1.0399999999999982e-05	-0.2
1.0799999999999991e-05	0.2
1.1200000000000001e-05	0.0
1.1599999999999957e-05	0.0
1.1999999999999966e-05	0.0
1.2399999999999976e-05	-0.2
1.2799999999999986e-05	-0.2
1.3199999999999996e-05	0.0
1.3600000000000005e-05	-0.2
1.399999999999996e-05	0.0
1.439999999999997e-05	-0.2
1.479999999999998e-05	-0.2
1.519999999999999e-05	0.2
1.56e-05	0.0
1.600000000000001e-05	-0.2
1.6399999999999965e-05	-0.2
1.6799999999999975e-05	0.0
1.7199999999999984e-05	0.2
1.7599999999999994e-05	0.0
1.8000000000000004e-05	0.0
1.839999999999996e-05	0.0
1.879999999999997e-05	-0.2
1.919999999999998e-05	-0.2
1.959999999999999e-05	0.0
1.9999999999999998e-05	-0.2
2.0400000000000008e-05	0.0
2.0799999999999963e-05	0.0
2.1199999999999973e-05	-0.2
2.1599999999999983e-05	0.0
2.1999999999999993e-05	-0.2
2.2400000000000002e-05	0.0
2.2799999999999958e-05	0.0
2.3199999999999968e-05	-0.2
2.3599999999999977e-05	0.0
2.3999999999999987e-05	0.2
2.4399999999999997e-05	0.2
2.4800000000000007e-05	0.0
2.5199999999999962e-05	-0.2
2.5599999999999972e-05	0.0
2.599999999999998e-05	-0.4
2.639999999999999e-05	-0.2
2.68e-05	0.0
2.7199999999999956e-05	0.2
2.7599999999999966e-05	0.0
2.7999999999999976e-05	0.2
2.8399999999999986e-05	0.4
2.8799999999999995e-05	1.2000000000000002
2.9200000000000005e-05	3.2
2.959999999999996e-05	4.800000000000001
2.999999999999997e-05	5.6000000000000005
3.039999999999998e-05	5.800000000000001
3.079999999999999e-05	6.0
3.12e-05	6.2
3.160000000000001e-05	6.2
3.1999999999999965e-05	6.4
3.2399999999999974e-05	6.0
3.2799999999999984e-05	6.0
3.3199999999999994e-05	5.800000000000001
3.3600000000000004e-05	6.2
3.399999999999996e-05	5.6000000000000005
3.439999999999997e-05	5.4
3.479999999999998e-05	6.0
3.519999999999999e-05	6.0
3.56e-05	6.0
3.600000000000001e-05	5.800000000000001
3.639999999999996e-05	5.6000000000000005
3.679999999999997e-05	5.6000000000000005
3.719999999999998e-05	5.800000000000001
3.759999999999999e-05	5.6000000000000005
3.8e-05	5.800000000000001
3.839999999999996e-05	5.800000000000001
3.879999999999997e-05	5.6000000000000005
3.919999999999998e-05	5.6000000000000005
3.959999999999999e-05	5.800000000000001
3.9999999999999996e-05	6.0
4.0400000000000006e-05	5.800000000000001
4.079999999999996e-05	5.800000000000001
4.119999999999997e-05	5.6000000000000005
4.159999999999998e-05	5.800000000000001
4.199999999999999e-05	5.800000000000001
4.24e-05	5.800000000000001
4.2799999999999956e-05	5.6000000000000005
4.3199999999999966e-05	5.6000000000000005
4.3599999999999976e-05	5.6000000000000005
4.3999999999999985e-05	5.6000000000000005
4.4399999999999995e-05	5.6000000000000005
4.4800000000000005e-05	5.800000000000001
4.519999999999996e-05	5.6000000000000005
4.559999999999997e-05	5.6000000000000005
4.599999999999998e-05	5.4
4.639999999999999e-05	5.6000000000000005
4.68e-05	5.6000000000000005
4.7199999999999955e-05	5.2
4.7599999999999964e-05	5.4
4.7999999999999974e-05	5.6000000000000005
4.8399999999999984e-05	5.4
4.8799999999999994e-05	5.6000000000000005
4.92e-05	5.800000000000001
4.959999999999996e-05	5.2
4.999999999999997e-05	5.6000000000000005
5.039999999999998e-05	5.4
5.079999999999999e-05	5.2
5.12e-05	5.0
5.160000000000001e-05	5.2
5.199999999999996e-05	5.2
5.239999999999997e-05	4.800000000000001
5.279999999999998e-05	5.2
5.319999999999999e-05	5.4
5.36e-05	5.4
5.399999999999996e-05	5.6000000000000005
5.439999999999997e-05	5.6000000000000005
5.479999999999998e-05	5.4
5.5199999999999986e-05	5.2
5.5599999999999996e-05	5.0
5.6000000000000006e-05	5.0
5.639999999999996e-05	5.0
5.679999999999997e-05	5.2
5.719999999999998e-05	5.4
5.759999999999999e-05	5.2
5.8e-05	4.800000000000001
5.8399999999999956e-05	4.6000000000000005
5.8799999999999966e-05	4.6000000000000005
5.9199999999999975e-05	4.6000000000000005
5.9599999999999985e-05	4.6000000000000005
5.9999999999999995e-05	4.6000000000000005
6.0400000000000004e-05	4.800000000000001
6.079999999999996e-05	4.800000000000001
6.119999999999997e-05	4.800000000000001
6.159999999999998e-05	5.0
6.199999999999999e-05	4.800000000000001
6.24e-05	5.2
6.279999999999995e-05	5.0
6.319999999999996e-05	5.2
6.359999999999997e-05	5.0
6.399999999999998e-05	5.0
6.44e-05	4.800000000000001
6.48e-05	5.0
6.519999999999996e-05	4.6000000000000005
6.559999999999997e-05	4.6000000000000005
6.599999999999998e-05	4.6000000000000005
6.639999999999999e-05	4.4
6.68e-05	4.800000000000001
6.720000000000001e-05	4.4
6.759999999999996e-05	4.6000000000000005
6.799999999999997e-05	4.4
6.839999999999998e-05	4.4
6.879999999999999e-05	4.4
6.92e-05	4.2
6.959999999999996e-05	4.4
6.999999999999997e-05	4.6000000000000005
7.039999999999998e-05	4.4
7.079999999999999e-05	4.6000000000000005
7.12e-05	4.4
7.16e-05	4.2
7.199999999999996e-05	4.4
7.239999999999997e-05	4.2
7.279999999999998e-05	4.0
7.319999999999999e-05	3.8000000000000003
7.36e-05	3.8000000000000003
7.399999999999996e-05	4.0
7.439999999999997e-05	4.0
7.479999999999998e-05	3.8000000000000003
7.519999999999998e-05	3.6
7.56e-05	4.0
7.6e-05	3.8000000000000003
7.639999999999996e-05	4.2
7.679999999999997e-05	4.4
7.719999999999998e-05	4.2
7.759999999999999e-05	4.0
7.8e-05	4.0
7.839999999999995e-05	3.6
7.879999999999996e-05	3.4000000000000004
7.919999999999997e-05	3.6
7.959999999999998e-05	3.8000000000000003
7.999999999999999e-05	3.4000000000000004
8.04e-05	3.6
8.079999999999996e-05	3.8000000000000003
8.119999999999997e-05	3.8000000000000003
8.159999999999998e-05	3.8000000000000003
8.199999999999999e-05	3.6
8.24e-05	3.6
8.280000000000001e-05	3.4000000000000004
8.319999999999996e-05	3.6
8.359999999999997e-05	3.4000000000000004
8.399999999999998e-05	3.4000000000000004
8.439999999999999e-05	3.6
8.48e-05	3.4000000000000004
8.519999999999996e-05	3.4000000000000004
8.559999999999997e-05	3.8000000000000003
8.599999999999998e-05	3.6
8.639999999999999e-05	3.6
8.68e-05	3.4000000000000004
8.72e-05	3.6
8.759999999999996e-05	3.4000000000000004
8.799999999999997e-05	3.2
8.839999999999998e-05	3.2
8.879999999999999e-05	3.6
8.92e-05	3.4000000000000004
8.959999999999996e-05	3.4000000000000004
8.999999999999997e-05	3.4000000000000004
9.039999999999997e-05	3.4000000000000004
9.079999999999998e-05	3.4000000000000004
9.12e-05	3.6
9.16e-05	3.2
9.199999999999996e-05	3.4000000000000004
9.239999999999997e-05	3.2
9.279999999999998e-05	3.2
9.319999999999999e-05	3.2
9.36e-05	3.4000000000000004
9.399999999999995e-05	3.4000000000000004
9.439999999999996e-05	3.2
9.479999999999997e-05	3.2
9.519999999999998e-05	3.0
9.559999999999999e-05	3.0
9.6e-05	3.0
9.639999999999996e-05	3.2
9.679999999999997e-05	3.0
9.719999999999998e-05	3.2
9.759999999999999e-05	3.0
9.8e-05	2.8000000000000003
9.84e-05	2.8000000000000003
9.879999999999996e-05	3.0
9.919999999999997e-05	2.8000000000000003
9.959999999999998e-05	2.8000000000000003
9.999999999999999e-05	2.6
0.00010039999999999995	2.4000000000000004
0.00010079999999999996	2.8000000000000003
0.00010119999999999997	2.6
0.00010159999999999998	2.6
0.00010199999999999999	2.6
0.0001024	2.6
0.0001028	2.8000000000000003
0.00010320000000000001	2.8000000000000003
0.00010360000000000002	3.0
0.00010399999999999993	2.8000000000000003
0.00010439999999999994	3.0
0.00010479999999999995	3.0
0.00010519999999999996	2.6
0.00010559999999999996	2.4000000000000004
0.00010599999999999997	2.8000000000000003
0.00010639999999999998	2.6
0.0001068	2.4000000000000004
0.0001072	2.2
0.00010760000000000001	2.2
0.00010800000000000002	1.8
0.00010840000000000003	2.0
0.00010879999999999993	2.2
0.00010919999999999994	2.2
0.00010959999999999995	2.4000000000000004
0.00010999999999999996	2.4000000000000004
0.00011039999999999997	2.6
0.00011079999999999998	2.4000000000000004
0.00011119999999999999	2.4000000000000004
0.0001116	2.0
0.00011200000000000001	2.0
0.00011240000000000002	2.0
0.00011280000000000003	2.4000000000000004
0.00011319999999999993	2.0
0.00011359999999999994	2.2
0.00011399999999999995	2.4000000000000004
0.00011439999999999996	2.4000000000000004
0.00011479999999999997	2.2
0.00011519999999999998	2.0
0.00011559999999999999	2.2
0.000116	2.4000000000000004
0.00011640000000000001	2.6
0.00011680000000000002	2.4000000000000004
0.00011720000000000003	2.2
0.00011759999999999993	2.2
0.00011799999999999994	1.8
0.00011839999999999995	2.0
0.00011879999999999996	1.8
0.00011919999999999997	1.6
0.00011959999999999998	1.6
0.00011999999999999999	1.8
0.0001204	2.0
0.00012080000000000001	2.0
0.00012120000000000002	2.0
0.00012160000000000003	2.2
0.00012199999999999993	2.0
0.00012239999999999994	2.0
0.00012279999999999995	1.8
0.00012319999999999996	2.0
0.00012359999999999997	1.6
0.00012399999999999998	1.8
0.0001244	1.8
0.0001248	1.6
0.0001252	1.8
0.00012560000000000002	1.6
0.00012600000000000003	1.4000000000000001
0.00012639999999999993	1.4000000000000001
0.00012679999999999994	1.6
0.00012719999999999995	1.8
0.00012759999999999996	1.6
0.00012799999999999997	1.8
0.00012839999999999998	1.8
0.0001288	1.8
0.0001292	1.8
0.0001296	1.8
0.00013000000000000002	1.6
0.00013040000000000003	1.4000000000000001
0.00013079999999999993	1.4000000000000001
0.00013119999999999994	1.4000000000000001
0.00013159999999999995	1.6
0.00013199999999999996	1.4000000000000001
0.00013239999999999997	1.4000000000000001
0.00013279999999999998	1.4000000000000001
0.00013319999999999999	1.6
0.0001336	1.6
0.000134	1.8
0.00013440000000000001	1.6
0.00013480000000000002	1.4000000000000001
0.00013519999999999993	1.4000000000000001
0.00013559999999999993	1.4000000000000001
0.00013599999999999994	1.6
0.00013639999999999995	1.2000000000000002
0.00013679999999999996	1.2000000000000002
0.00013719999999999997	1.2000000000000002
0.00013759999999999998	1.2000000000000002
0.000138	1.0
0.0001384	1.0
0.0001388	1.2000000000000002
0.00013920000000000002	1.2000000000000002
0.00013959999999999992	1.4000000000000001
0.00013999999999999993	1.4000000000000001
0.00014039999999999994	1.4000000000000001
0.00014079999999999995	1.2000000000000002
0.00014119999999999996	1.2000000000000002
0.00014159999999999997	1.4000000000000001
0.00014199999999999998	1.2000000000000002
0.0001424	1.4000000000000001
0.0001428	1.4000000000000001
0.0001432	1.2000000000000002
0.00014360000000000002	1.2000000000000002
0.00014400000000000003	1.2000000000000002
0.00014439999999999993	1.2000000000000002
0.00014479999999999994	1.2000000000000002
0.00014519999999999995	1.2000000000000002
0.00014559999999999996	1.0
0.00014599999999999997	1.2000000000000002
0.00014639999999999998	1.2000000000000002
0.0001468	1.2000000000000002
0.0001472	1.2000000000000002
0.0001476	1.0
0.00014800000000000002	1.2000000000000002
0.00014840000000000003	1.0
0.00014879999999999993	1.4000000000000001
0.00014919999999999994	1.4000000000000001
0.00014959999999999995	1.2000000000000002
0.00014999999999999996	1.6
0.00015039999999999997	1.2000000000000002
0.00015079999999999998	1.2000000000000002
0.0001512	1.0
0.0001516	1.2000000000000002
0.000152	1.0
0.00015240000000000002	1.4000000000000001
0.00015280000000000003	1.2000000000000002
0.00015319999999999993	1.6
0.00015359999999999994	1.4000000000000001
0.00015399999999999995	1.4000000000000001
0.00015439999999999996	1.2000000000000002
0.00015479999999999997	1.0
0.00015519999999999998	1.2000000000000002
0.0001556	0.8
0.000156	1.2000000000000002
0.0001564	1.2000000000000002
0.00015680000000000002	0.8
0.00015720000000000003	1.2000000000000002
0.00015759999999999993	1.0
0.00015799999999999994	1.4000000000000001
0.00015839999999999995	1.4000000000000001
0.00015879999999999996	1.4000000000000001
0.00015919999999999997	1.4000000000000001
0.00015959999999999998	1.2000000000000002
0.00015999999999999999	1.2000000000000002
0.0001604	1.0
0.0001608	1.0
0.00016120000000000002	0.8
0.00016160000000000002	0.6000000000000001
0.00016199999999999993	0.8
0.00016239999999999994	0.8
0.00016279999999999995	1.0
0.00016319999999999996	0.6000000000000001
0.00016359999999999997	0.8
0.00016399999999999997	0.8
0.00016439999999999998	0.8
0.0001648	0.8
0.0001652	1.0
0.00016560000000000001	0.8
0.00016600000000000002	0.8
0.00016639999999999992	1.0
0.00016679999999999993	1.0
0.00016719999999999994	0.6000000000000001
0.00016759999999999995	0.4
0.00016799999999999996	0.8
0.00016839999999999997	0.6000000000000001
0.00016879999999999998	0.6000000000000001
0.0001692	1.0
0.0001696	1.0
0.00017	1.0
0.00017040000000000002	1.0
0.00017079999999999992	0.6000000000000001
0.00017119999999999993	0.8
0.00017159999999999994	1.0
0.00017199999999999995	0.6000000000000001
0.00017239999999999996	0.8
0.00017279999999999997	0.6000000000000001
0.00017319999999999998	1.0
0.0001736	1.0
0.000174	1.0
0.0001744	0.8
0.00017480000000000002	1.2000000000000002
0.00017520000000000003	1.2000000000000002
0.00017559999999999993	1.4000000000000001
0.00017599999999999994	1.0
0.00017639999999999995	1.0
0.00017679999999999996	1.0
0.00017719999999999997	0.8
0.00017759999999999998	0.8
0.000178	0.8
0.0001784	1.0
0.0001788	0.8
0.00017920000000000002	0.8
0.00017960000000000003	0.6000000000000001
0.00017999999999999993	0.8
0.00018039999999999994	0.6000000000000001
0.00018079999999999995	0.6000000000000001
0.00018119999999999996	0.6000000000000001
0.00018159999999999997	0.6000000000000001
0.00018199999999999998	0.6000000000000001
0.0001824	0.6000000000000001
0.0001828	0.6000000000000001
0.0001832	0.8
0.00018360000000000002	0.8
0.00018400000000000003	1.0
0.00018439999999999993	0.6000000000000001
0.00018479999999999994	0.6000000000000001
0.00018519999999999995	0.6000000000000001
0.00018559999999999996	0.8
0.00018599999999999997	0.8
0.00018639999999999998	0.6000000000000001
0.0001868	0.8
0.0001872	0.6000000000000001
0.0001876	0.8
0.00018800000000000002	0.6000000000000001
0.00018840000000000003	0.8
0.00018879999999999993	1.0
0.00018919999999999994	0.8
0.00018959999999999995	1.0
0.00018999999999999996	1.0
0.00019039999999999997	0.6000000000000001
0.00019079999999999998	0.8
0.00019119999999999999	0.6000000000000001
0.0001916	0.6000000000000001
0.000192	0.6000000000000001
0.00019240000000000001	0.6000000000000001
0.00019280000000000002	0.6000000000000001
0.00019319999999999993	0.8
0.00019359999999999994	0.8
0.00019399999999999995	1.0
0.00019439999999999995	1.0
0.00019479999999999996	0.6000000000000001
0.00019519999999999997	0.8
0.00019559999999999998	0.8
0.000196	0.8
0.0001964	0.6000000000000001
0.0001968	0.8
0.00019720000000000002	0.4
0.00019759999999999992	0.6000000000000001
0.00019799999999999993	0.4
0.00019839999999999994	0.6000000000000001
0.00019879999999999995	1.0
0.00019919999999999996	0.8
0.00019959999999999997	0.6000000000000001
0.00019999999999999998	0.6000000000000001
0.0002004	0.6000000000000001
0.0002008	0.6000000000000001
0.0002012	0.8
0.00020160000000000002	0.8
0.00020199999999999992	0.8
0.00020239999999999993	0.8
0.00020279999999999994	0.6000000000000001
0.00020319999999999995	0.6000000000000001
0.00020359999999999996	0.4
0.00020399999999999997	0.2
0.00020439999999999998	0.4
0.0002048	0.2
0.0002052	0.6000000000000001
0.0002056	0.6000000000000001
0.00020600000000000002	0.6000000000000001
0.00020639999999999992	1.0
0.00020679999999999993	0.6000000000000001
0.00020719999999999994	0.8
0.00020759999999999995	0.8
0.00020799999999999996	0.8
0.00020839999999999997	1.0
0.00020879999999999998	1.0
0.0002092	0.8
0.0002096	0.6000000000000001
0.00021	0.8
0.00021040000000000002	0.6000000000000001
0.00021080000000000003	0.6000000000000001
0.00021119999999999993	0.6000000000000001
0.00021159999999999994	0.6000000000000001
0.00021199999999999995	0.6000000000000001
0.00021239999999999996	0.4
0.00021279999999999997	0.6000000000000001
0.00021319999999999998	0.4
0.0002136	0.4
0.000214	0.6000000000000001
0.0002144	0.4
0.00021480000000000002	0.4
0.00021520000000000003	0.6000000000000001
0.00021559999999999993	0.6000000000000001
0.00021599999999999994	0.8
0.00021639999999999995	0.4
0.00021679999999999996	0.6000000000000001
0.00021719999999999997	0.6000000000000001
0.00021759999999999998	0.4
0.00021799999999999999	0.4
0.0002184	0.6000000000000001
0.0002188	0.2
0.00021920000000000002	0.6000000000000001
0.00021960000000000003	0.6000000000000001
0.00021999999999999993	0.6000000000000001
0.00022039999999999994	0.4
0.00022079999999999995	0.6000000000000001
0.00022119999999999996	0.4
0.00022159999999999997	0.6000000000000001
0.00022199999999999998	0.6000000000000001
0.00022239999999999998	0.6000000000000001
0.0002228	0.8
0.0002232	0.8
0.00022360000000000001	0.8
0.00022400000000000002	0.4
0.00022439999999999993	0.4
0.00022479999999999993	0.6000000000000001
0.00022519999999999994	0.6000000000000001
0.00022559999999999995	0.6000000000000001
0.00022599999999999996	0.4
0.00022639999999999997	0.4
0.00022679999999999998	0.6000000000000001
0.0002272	0.8
0.0002276	0.4
0.000228	0.6000000000000001
0.00022840000000000002	0.6000000000000001
0.00022879999999999992	0.8
0.00022919999999999993	0.8
0.00022959999999999994	0.8
0.00022999999999999995	1.0
0.00023039999999999996	0.6000000000000001
0.00023079999999999997	0.8
0.00023119999999999998	0.6000000000000001
0.0002316	0.8
0.000232	0.4
0.0002324	0.6000000000000001
0.00023280000000000002	0.8
0.00023319999999999992	0.8
0.00023359999999999993	0.4
0.00023399999999999994	0.6000000000000001
0.00023439999999999995	0.6000000000000001
0.00023479999999999996	0.4
0.00023519999999999997	0.6000000000000001
0.00023559999999999998	0.6000000000000001
0.000236	0.6000000000000001
0.0002364	0.6000000000000001
0.0002368	0.6000000000000001
0.00023720000000000002	0.4
0.00023759999999999992	0.8
0.00023799999999999993	0.6000000000000001
0.00023839999999999994	0.6000000000000001
0.00023879999999999995	0.6000000000000001
0.00023919999999999996	0.6000000000000001
0.00023959999999999997	0.8
0.00023999999999999998	0.8
0.0002404	0.6000000000000001
0.0002408	0.6000000000000001
0.0002412	0.6000000000000001
0.00024160000000000002	0.4
0.00024199999999999992	0.8
0.00024239999999999993	0.8
0.00024279999999999994	0.8
0.00024319999999999995	0.6000000000000001
0.00024359999999999996	0.8
0.00024399999999999997	0.8
0.0002444	0.6000000000000001
0.0002448	0.6000000000000001
0.0002452	0.4
0.0002456	0.8
0.000246	0.8
0.0002464	0.8
0.00024679999999999993	0.6000000000000001
0.00024719999999999994	0.8
0.00024759999999999995	0.8
0.00024799999999999996	0.6000000000000001
0.00024839999999999997	0.6000000000000001
0.0002488	0.8
0.0002492	0.8
0.0002496	0.8
0.00025	0.8
0.0002504	0.6000000000000001
0.0002508	0.8
0.0002511999999999999	0.8
0.00025159999999999994	0.6000000000000001
0.00025199999999999995	0.4
0.00025239999999999996	0.6000000000000001
0.00025279999999999996	0.4
0.0002532	0.6000000000000001
0.0002536	0.4
0.000254	0.4
0.0002544	0.2
0.0002548	0.6000000000000001
0.0002552	0.4
0.0002555999999999999	0.4
0.00025599999999999993	0.4
0.00025639999999999994	0.2
0.00025679999999999995	0.4
0.00025719999999999996	0.2
0.0002576	0.4
0.000258	0.4
0.0002584	0.4
0.0002588	0.4
0.0002592	0.6000000000000001
0.0002596	0.6000000000000001
0.0002599999999999999	0.8
0.00026039999999999993	0.6000000000000001
0.00026079999999999994	0.4
0.00026119999999999995	0.8
0.00026159999999999996	0.4
0.00026199999999999997	0.6000000000000001
0.0002624	0.4
0.0002628	0.4
0.0002632	0.8
0.0002636	0.4
0.000264	0.4
0.0002643999999999999	0.4
0.00026479999999999993	0.4
0.00026519999999999994	0.4
0.00026559999999999995	0.6000000000000001
0.00026599999999999996	0.6000000000000001
0.00026639999999999997	0.8
0.0002668	0.8
0.0002672	0.8
0.0002676	0.6000000000000001
0.000268	0.6000000000000001
0.0002684	0.6000000000000001
0.0002687999999999999	0.8
0.00026919999999999993	0.6000000000000001
0.00026959999999999994	0.4
0.00026999999999999995	0.6000000000000001
0.00027039999999999996	0.4
0.00027079999999999997	0.4
0.0002712	0.6000000000000001
0.0002716	0.4
0.000272	0.4
0.0002724	0.6000000000000001
0.0002728	0.6000000000000001
0.0002731999999999999	0.4
0.00027359999999999993	0.4
0.00027399999999999994	0.4
0.00027439999999999995	0.4
0.00027479999999999996	0.6000000000000001
0.00027519999999999997	0.4
0.0002756	0.6000000000000001
0.000276	0.8
0.0002764	0.6000000000000001
0.0002768	0.8
0.0002772	1.0
0.0002775999999999999	0.8
0.0002779999999999999	0.6000000000000001
0.00027839999999999994	0.8
0.00027879999999999995	0.6000000000000001
0.00027919999999999996	0.4
0.00027959999999999997	0.8
0.00028	0.4
0.0002804	0.6000000000000001
0.0002808	0.4
0.0002812	0.6000000000000001
0.0002816	0.4
0.000282	0.2
0.0002823999999999999	0.6000000000000001
0.00028279999999999994	0.6000000000000001
0.00028319999999999994	0.8
0.00028359999999999995	0.6000000000000001
0.00028399999999999996	0.6000000000000001
0.0002844	0.6000000000000001
0.0002848	0.4
0.0002852	0.6000000000000001
0.0002856	0.4
0.000286	0.4
0.0002864	0.6000000000000001
0.0002867999999999999	0.8
0.00028719999999999993	0.4
0.00028759999999999994	0.4
0.00028799999999999995	0.6000000000000001
0.00028839999999999996	0.4
0.00028879999999999997	0.6000000000000001
0.0002892	0.6000000000000001
0.0002896	0.4
0.00029	0.4
0.0002904	0.6000000000000001
0.0002908	0.2
0.0002911999999999999	0.6000000000000001
0.00029159999999999993	0.4
0.00029199999999999994	0.6000000000000001
0.00029239999999999995	0.4
0.00029279999999999996	0.4
0.00029319999999999997	0.2
0.0002936	0.2
0.000294	0.4
0.0002944	0.4
0.0002948	0.4
0.0002952	0.8
0.0002955999999999999	0.6000000000000001
0.00029599999999999993	0.4
0.00029639999999999994	0.4
0.00029679999999999995	0.2
0.00029719999999999996	0.6000000000000001
0.00029759999999999997	0.2
0.000298	0.6000000000000001
0.0002984	0.4
0.0002988	0.8
0.0002992	0.6000000000000001
0.0002996	0.6000000000000001
0.0002999999999999999	0.6000000000000001
0.00030039999999999993	0.2
0.00030079999999999994	0.4
0.00030119999999999995	0.2
0.00030159999999999996	0.6000000000000001
0.00030199999999999997	0.2
0.0003024	0.2
0.0003028	0.6000000000000001
0.0003032	0.4
0.0003036	0.2
0.000304	0.6000000000000001
0.0003043999999999999	0.6000000000000001
0.00030479999999999993	0.4
0.00030519999999999994	0.4
0.00030559999999999995	0.4
0.00030599999999999996	0.4
0.00030639999999999997	0.6000000000000001
0.0003068	0.4
0.0003072	0.2
0.0003076	0.4
0.000308	0.4
0.0003084	0.6000000000000001
0.0003087999999999999	0.4
0.0003091999999999999	0.6000000000000001
0.00030959999999999994	0.4
0.00030999999999999995	0.4
0.00031039999999999996	0.8
0.00031079999999999997	1.0
0.0003112	0.8
0.0003116	0.8
0.000312	0.6000000000000001
0.0003124	0.6000000000000001
0.0003128	0.4
0.0003132	0.4
0.0003135999999999999	0.6000000000000001
0.00031399999999999993	0.2
0.00031439999999999994	0.4
0.00031479999999999995	0.2
0.00031519999999999996	0.0
0.0003156	0.2
0.000316	0.2
0.0003164	0.4
0.0003168	0.4
0.0003172	0.4
0.0003176	0.4
0.0003179999999999999	0.6000000000000001
0.00031839999999999993	0.6000000000000001
0.00031879999999999994	0.4
0.00031919999999999995	0.4
0.00031959999999999996	0.4
0.00031999999999999997	0.4
0.0003204	0.4
0.0003208	0.4
0.0003212	0.4
0.0003216	0.2
0.000322	0.4
0.0003223999999999999	0.2
0.00032279999999999993	0.4
0.00032319999999999994	0.6000000000000001
0.00032359999999999995	0.4
0.00032399999999999996	0.6000000000000001
0.00032439999999999997	0.4
0.0003248	0.4
0.0003252	0.4
0.0003256	0.4
0.000326	0.6000000000000001
0.0003264	0.6000000000000001
0.0003267999999999999	0.2
0.00032719999999999993	0.4
0.00032759999999999994	0.4
0.00032799999999999995	0.4
0.00032839999999999996	0.4
0.00032879999999999997	0.4
0.0003292	0.4
0.0003296	0.4
0.00033	0.6000000000000001
0.0003304	0.6000000000000001
0.0003308	0.4
0.0003311999999999999	0.6000000000000001
0.00033159999999999993	0.6000000000000001
0.00033199999999999994	0.6000000000000001
0.00033239999999999995	0.4
0.00033279999999999996	0.4
0.00033319999999999997	0.4
0.0003336	0.6000000000000001
0.000334	0.4
0.0003344	0.4
0.0003348	0.6000000000000001
0.0003352	0.4
0.0003355999999999999	0.0
0.00033599999999999993	0.2
0.00033639999999999994	0.6000000000000001
0.00033679999999999995	0.4
0.00033719999999999996	0.6000000000000001
0.00033759999999999997	0.4
0.000338	0.4
0.0003384	0.4
0.0003388	0.4
0.0003392	0.4
0.0003396	0.6000000000000001
0.0003399999999999999	0.4
0.0003403999999999999	0.6000000000000001
0.00034079999999999994	0.6000000000000001
0.00034119999999999995	0.4
0.00034159999999999995	0.6000000000000001
0.00034199999999999996	0.6000000000000001
0.0003424	0.4
0.0003428	0.4
0.0003432	0.2
0.0003436	0.6000000000000001
0.000344	0.4
0.0003443999999999999	0.4
0.0003447999999999999	0.4
0.00034519999999999993	0.2
0.00034559999999999994	0.4
0.00034599999999999995	0.6000000000000001
0.00034639999999999996	0.4
0.00034679999999999997	0.6000000000000001
0.0003472	0.4
0.0003476	0.4
0.000348	0.6000000000000001
0.0003484	0.6000000000000001
0.0003488	0.6000000000000001
0.0003491999999999999	0.6000000000000001
0.00034959999999999993	0.4
0.00034999999999999994	0.4
0.00035039999999999995	0.6000000000000001
0.00035079999999999996	0.4
0.00035119999999999997	0.6000000000000001
0.0003516	0.8
0.000352	0.6000000000000001
0.0003524	0.4
0.0003528	0.6000000000000001
0.0003532	0.6000000000000001
0.0003535999999999999	0.4
0.00035399999999999993	0.4
0.00035439999999999994	0.6000000000000001
0.00035479999999999995	0.6000000000000001
0.00035519999999999996	0.6000000000000001
0.00035559999999999997	0.4
0.000356	0.6000000000000001
0.0003564	0.6000000000000001
0.0003568	0.8
0.0003572	0.6000000000000001
0.0003576	0.6000000000000001
0.0003579999999999999	0.4
0.00035839999999999993	0.6000000000000001
0.00035879999999999994	0.6000000000000001
0.00035919999999999995	0.8
0.00035959999999999996	0.4
0.00035999999999999997	0.4
0.0003604	0.4
0.0003608	0.4
0.0003612	0.4
0.0003616	0.4
0.000362	0.2
0.0003623999999999999	0.2
0.00036279999999999993	0.0
0.00036319999999999994	0.2
0.00036359999999999995	0.0
0.00036399999999999996	0.0
0.00036439999999999997	0.2
0.0003648	0.4
0.0003652	0.2
0.0003656	0.2
0.000366	0.6000000000000001
0.0003664	0.4
0.0003667999999999999	0.6000000000000001
0.0003671999999999999	0.4
0.00036759999999999994	0.6000000000000001
0.00036799999999999995	0.6000000000000001
0.00036839999999999996	0.6000000000000001
0.00036879999999999997	0.2
0.0003692	0.4
0.0003696	0.4
0.00037	0.2
0.0003704	0.4
0.0003708	0.2
0.0003711999999999999	0.4
0.0003715999999999999	0.4
0.00037199999999999993	0.2
0.00037239999999999994	0.2
0.00037279999999999995	0.0
0.00037319999999999996	0.4
0.0003736	0.4
0.000374	0.2
0.0003744	0.4
0.0003748	0.6000000000000001
0.0003752	0.4
0.0003755999999999999	0.2
0.0003759999999999999	0.2
0.00037639999999999993	0.4
0.00037679999999999994	0.2
0.00037719999999999995	0.2
0.00037759999999999996	0.4
0.00037799999999999997	0.2
0.0003784	0.2
0.0003788	0.0
0.0003792	0.2
0.0003796	0.2
0.00038	0.2
0.0003803999999999999	0.2
0.00038079999999999993	0.2
0.00038119999999999994	0.4
0.00038159999999999995	0.4
0.00038199999999999996	0.4
0.00038239999999999997	0.4
0.0003828	0.6000000000000001
0.0003832	0.6000000000000001
0.0003836	0.8
0.000384	0.6000000000000001
0.0003844	0.6000000000000001
0.0003847999999999999	0.8
0.00038519999999999993	0.6000000000000001
0.00038559999999999994	0.6000000000000001
0.00038599999999999995	0.4
0.00038639999999999996	0.6000000000000001
0.00038679999999999997	0.4
0.0003872	0.4
0.0003876	0.6000000000000001
0.000388	0.4
0.0003884	0.4
0.0003888	0.2
0.0003891999999999999	0.2
0.00038959999999999993	0.2
0.00038999999999999994	0.4
0.00039039999999999995	0.2
0.00039079999999999996	0.2
0.00039119999999999997	0.4
0.0003916	0.2
0.000392	0.2
0.0003924	0.2
0.0003928	0.2
0.0003932	0.0
0.0003935999999999999	0.2
0.00039399999999999993	0.2
0.00039439999999999994	0.4
0.00039479999999999995	0.2
0.00039519999999999996	0.2
0.00039559999999999997	0.4
0.000396	0.2
0.0003964	0.2
0.0003968	0.6000000000000001
0.0003972	0.6000000000000001
0.0003976	0.6000000000000001
0.0003979999999999999	0.4
0.0003983999999999999	0.6000000000000001
0.00039879999999999994	0.4
0.00039919999999999995	0.2
0.00039959999999999996	0.2
0.00039999999999999996	0.4
0.0004004	0.4
0.0004008	0.2
0.0004012	0.6000000000000001
0.0004016	0.2
0.000402	0.6000000000000001
0.0004023999999999999	0.4
0.0004027999999999999	0.4
0.00040319999999999993	0.2
0.00040359999999999994	0.0
0.00040399999999999995	0.4
0.00040439999999999996	0.4
0.0004048	0.0
0.0004052	0.0
0.0004056	0.4
0.000406	0.2
0.0004064	0.2
0.0004067999999999999	0.4
0.0004071999999999999	0.4
0.00040759999999999993	0.4
0.00040799999999999994	0.6000000000000001
0.00040839999999999995	0.4
0.00040879999999999996	0.4
0.00040919999999999997	0.4
0.0004096	0.2
0.00041	0.2
0.0004104	0.2
0.0004108	0.2
0.0004111999999999999	0.2
0.0004115999999999999	0.2
0.00041199999999999993	0.2
0.00041239999999999994	0.6000000000000001
0.00041279999999999995	0.4
0.00041319999999999996	0.4
0.00041359999999999997	0.6000000000000001
0.000414	0.6000000000000001
0.0004144	0.6000000000000001
0.0004148	0.8
0.0004152	0.6000000000000001
0.0004156	0.6000000000000001
0.0004159999999999999	0.6000000000000001
0.00041639999999999993	0.4
0.00041679999999999994	0.4
0.00041719999999999995	0.2
0.00041759999999999996	0.4
0.00041799999999999997	0.4
0.0004184	0.4
0.0004188	0.2
0.0004192	0.0
0.0004196	0.4
0.00042	0.4
0.0004203999999999999	0.4
0.00042079999999999993	0.2
0.00042119999999999994	0.4
0.00042159999999999995	0.6000000000000001
0.00042199999999999996	0.4
0.00042239999999999997	0.2
0.0004228	0.4
0.0004232	0.4
0.0004236	0.4
0.000424	0.4
0.0004244	0.2
0.0004247999999999999	0.4
0.0004251999999999999	0.2
0.00042559999999999994	0.4
0.00042599999999999995	0.4
0.00042639999999999996	0.4
0.00042679999999999997	0.4
0.0004272	0.6000000000000001
0.0004276	0.6000000000000001
0.000428	0.6000000000000001
0.0004284	0.4
0.0004288	0.8
0.0004291999999999999	0.6000000000000001
0.0004295999999999999	0.8
0.00042999999999999994	0.8
0.00043039999999999994	0.8
0.00043079999999999995	0.6000000000000001
0.00043119999999999996	0.4
0.0004316	0.4
0.000432	0.6000000000000001
0.0004324	0.6000000000000001
0.0004328	0.4
0.0004332	0.8
0.0004335999999999999	0.8
0.0004339999999999999	0.6000000000000001
0.00043439999999999993	0.8
0.00043479999999999994	0.2
0.00043519999999999995	0.4
0.00043559999999999996	0.4
0.00043599999999999997	0.4
0.0004364	0.2
0.0004368	0.0
0.0004372	0.4
0.0004376	0.2
0.0004379999999999999	0.4
0.0004383999999999999	0.2
0.00043879999999999993	0.2
0.00043919999999999994	0.0
0.00043959999999999995	0.2
0.00043999999999999996	0.4
0.00044039999999999997	0.6000000000000001
0.0004408	0.6000000000000001
0.0004412	0.4
0.0004416	0.2
0.000442	0.4
0.0004423999999999999	0.4
0.0004427999999999999	0.4
0.00044319999999999993	0.2
0.00044359999999999994	0.2
0.00044399999999999995	0.2
0.00044439999999999996	0.0
0.00044479999999999997	0.4
0.0004452	0.6000000000000001
0.0004456	0.6000000000000001
0.000446	0.6000000000000001
0.0004464	0.6000000000000001
0.0004467999999999999	0.6000000000000001
0.0004471999999999999	0.4
0.00044759999999999993	0.6000000000000001
0.00044799999999999994	0.4
0.00044839999999999995	0.4
0.00044879999999999996	0.4
0.00044919999999999997	0.2
0.0004496	0.4
0.00045	0.2
0.0004504	0.4
0.0004508	0.2
0.0004512	0.2
0.0004515999999999999	0.2
0.00045199999999999993	0.4
0.00045239999999999994	0.4
0.00045279999999999995	0.4
0.00045319999999999996	0.2
0.00045359999999999997	0.0
0.000454	0.2
0.0004544	0.2
0.0004548	0.4
0.0004552	0.4
0.0004556	0.4
0.0004559999999999999	0.4
0.0004563999999999999	0.4
0.00045679999999999994	0.6000000000000001
0.00045719999999999995	0.6000000000000001
0.00045759999999999996	0.4
0.00045799999999999997	0.4
0.0004584	0.6000000000000001
0.0004588	0.2
0.0004592	0.4
0.0004596	0.2
0.00046	0.4
0.0004603999999999999	0.2
0.0004607999999999999	0.2
0.00046119999999999993	0.2
0.00046159999999999994	0.0
0.00046199999999999995	0.2
0.00046239999999999996	0.6000000000000001
0.0004628	0.4
0.0004632	0.6000000000000001
0.0004636	0.4
0.000464	0.6000000000000001
0.0004644	0.6000000000000001
0.0004647999999999999	0.6000000000000001
0.0004651999999999999	0.4
0.00046559999999999993	0.4
0.00046599999999999994	0.4
0.00046639999999999995	0.4
0.00046679999999999996	0.6000000000000001
0.00046719999999999997	0.2
0.0004676	0.4
0.000468	0.6000000000000001
0.0004684	0.4
0.0004688	0.4
0.0004691999999999999	0.6000000000000001
0.0004695999999999999	0.6000000000000001
0.00046999999999999993	0.6000000000000001
0.00047039999999999994	0.6000000000000001
0.00047079999999999995	0.4
0.00047119999999999996	0.4
0.00047159999999999997	0.4
0.000472	0.2
0.0004724	0.4
0.0004728	0.8
0.0004732	0.4
0.0004735999999999999	0.6000000000000001
0.0004739999999999999	0.6000000000000001
0.00047439999999999993	0.6000000000000001
0.00047479999999999994	0.4
0.00047519999999999995	0.4
0.00047559999999999996	0.4
0.00047599999999999997	0.4
0.0004764	0.4
0.0004768	0.4
0.0004772	0.4
0.0004776	0.4
0.0004779999999999999	0.2
0.0004783999999999999	0.4
0.00047879999999999993	0.4
0.00047919999999999994	0.6000000000000001
0.00047959999999999995	0.4
0.00047999999999999996	0.6000000000000001
0.00048039999999999997	0.8
0.0004808	0.6000000000000001
0.0004812	0.4
0.0004816	0.4
0.000482	0.6000000000000001
0.0004823999999999999	0.6000000000000001
0.0004827999999999999	0.4
0.00048319999999999993	0.6000000000000001
0.00048359999999999994	0.6000000000000001
0.00048399999999999995	0.4
0.00048439999999999996	0.4
0.00048479999999999997	0.8
0.0004852	0.6000000000000001
0.0004856	0.4
0.000486	0.6000000000000001
0.0004864	0.4
0.0004868	0.4
0.0004871999999999999	0.6000000000000001
0.0004875999999999999	0.2
0.00048799999999999994	0.4
0.0004883999999999999	0.6000000000000001
0.0004888	0.2
0.0004892	0.2
0.0004896	0.4
0.00049	0.6000000000000001
0.0004904	0.2
0.0004908	0.2
0.0004912	0.0
0.0004915999999999999	0.0
0.0004919999999999999	0.2
0.0004923999999999999	0.4
0.0004927999999999999	0.2
0.0004932	0.4
0.0004936	0.4
0.000494	0.2
0.0004944	0.6000000000000001
0.0004948	0.4
0.0004952	0.4
0.0004956	0.4
0.0004959999999999999	0.2
0.0004963999999999999	0.2
0.0004967999999999999	0.2
0.0004971999999999999	0.2
0.0004976	0.0
0.000498	0.0
0.0004984	-0.2
0.0004988	0.2
0.0004992	0.2
0.0004996	0.2
0.0005	0.2
0.0005003999999999999	0.4
0.0005007999999999999	0.6000000000000001
0.0005011999999999999	0.2
0.0005015999999999999	0.2
0.000502	0.2
0.0005024	0.4
0.0005028	0.4
0.0005032	0.0
0.0005036	0.2
0.000504	0.2
0.0005044	0.2
0.0005047999999999999	0.2
0.0005051999999999999	0.4
0.0005055999999999999	0.4
0.0005059999999999999	0.4
0.0005064	0.2
0.0005068	0.4
0.0005072	0.2
0.0005076	0.4
0.000508	0.4
0.0005084	0.6000000000000001
0.0005088	0.8
0.0005091999999999999	0.4
0.0005095999999999999	0.4
0.0005099999999999999	0.6000000000000001
0.0005103999999999999	0.4
0.0005108	0.4
0.0005112	0.6000000000000001
0.0005116	0.4
0.000512	0.2
0.0005124	0.4
0.0005128	0.2
0.0005132	0.2
0.0005135999999999999	0.4
0.0005139999999999999	0.2
0.0005143999999999999	0.0
0.0005147999999999999	0.2
0.0005152	0.4
0.0005156	0.2
0.000516	0.2
0.0005164	0.2
0.0005168	0.4
0.0005172	0.4
0.0005176	0.2
0.000518	0.2
0.0005183999999999999	0.2
0.0005187999999999999	0.4
0.0005191999999999999	0.6000000000000001
0.0005195999999999999	0.4
0.00052	0.6000000000000001
0.0005204	0.4
0.0005208	0.4
0.0005212	0.4
0.0005216	0.2
0.000522	0.4
0.0005224	0.4
0.0005227999999999999	0.4
0.0005231999999999999	0.4
0.0005235999999999999	0.2
0.0005239999999999999	0.4
0.0005244	0.4
0.0005248	0.2
0.0005252	0.2
0.0005256	0.2
0.000526	0.2
0.0005264	0.4
0.0005268	0.6000000000000001
0.0005271999999999999	0.4
0.0005275999999999999	0.2
0.0005279999999999999	0.2
0.0005283999999999999	0.4
0.0005288	0.4
0.0005292	0.4
0.0005296	0.6000000000000001
0.00053	0.4
0.0005304	0.2
0.0005308	0.4
0.0005312	0.2
0.0005315999999999999	0.4
0.0005319999999999999	0.4
0.0005323999999999999	0.4
0.0005327999999999999	0.2
0.0005332	0.4
0.0005336	0.0
0.000534	0.2
0.0005344	0.4
0.0005348	0.2
0.0005352	0.4
0.0005356	0.2
0.0005359999999999999	0.4
0.0005363999999999999	0.4
0.0005367999999999999	0.4
0.0005371999999999999	0.2
0.0005376	0.2
0.000538	0.4
0.0005384	0.4
0.0005388	0.4
0.0005392	0.4
0.0005396	0.2
0.00054	0.2
0.0005403999999999999	0.4
0.0005407999999999999	0.0
0.0005411999999999999	0.2
0.0005415999999999999	0.2
0.000542	0.4
0.0005424	0.4
0.0005428	0.4
0.0005432	0.2
0.0005436	0.2
0.000544	0.2
0.0005444	0.2
0.0005447999999999999	0.2
0.0005451999999999999	0.4
0.0005455999999999999	0.2
0.0005459999999999999	0.6000000000000001
0.0005463999999999999	0.4
0.0005468	0.2
0.0005472	0.2
0.0005476	0.0
0.000548	0.4
0.0005484	0.6000000000000001
0.0005488	0.2
0.0005491999999999999	0.4
0.0005495999999999999	0.4
0.0005499999999999999	0.2
0.0005503999999999999	0.4
0.0005507999999999999	0.4
0.0005512	0.6000000000000001
0.0005516	0.6000000000000001
0.000552	0.8
0.0005524	0.4
0.0005528	0.4
0.0005532	0.4
0.0005536	0.4
0.0005539999999999999	0.4
0.0005543999999999999	0.8
0.0005547999999999999	0.4
0.0005551999999999999	0.6000000000000001
0.0005556	0.4
0.000556	0.4
0.0005564	0.4
0.0005568	0.4
0.0005572	0.2
0.0005576	0.4
0.000558	0.2
0.0005583999999999999	0.4
0.0005587999999999999	0.4
0.0005591999999999999	0.4
0.0005595999999999999	0.6000000000000001
0.00056	0.4
0.0005604	0.2
0.0005608	0.6000000000000001
0.0005612	0.2
0.0005616	0.4
0.000562	0.2
0.0005624	0.4
0.0005627999999999999	0.4
0.0005631999999999999	0.4
0.0005635999999999999	0.4
0.0005639999999999999	0.4
0.0005644	0.2
0.0005648	0.6000000000000001
0.0005652	0.6000000000000001
0.0005656	0.8
0.000566	0.6000000000000001
0.0005664	0.8
0.0005668	0.4
0.0005671999999999999	0.2
0.0005675999999999999	0.4
0.0005679999999999999	0.2
0.0005683999999999999	0.4
0.0005688	0.4
0.0005692	0.8
0.0005696	0.4
0.00057	0.4
0.0005704	0.2
0.0005708	0.2
0.0005712	0.2
0.0005715999999999999	0.4
0.0005719999999999999	0.2
0.0005723999999999999	0.4
0.0005727999999999999	0.6000000000000001
0.0005732	0.4
0.0005736	0.6000000000000001
0.000574	0.6000000000000001
0.0005744	0.8
0.0005748	0.4
0.0005752	0.4
0.0005756	0.2
0.0005759999999999999	0.2
0.0005763999999999999	0.4
0.0005767999999999999	0.2
0.0005771999999999999	0.2
0.0005775999999999999	0.0
0.000578	0.2
0.0005784	0.0
0.0005788	0.2
0.0005792	0.2
0.0005796	0.2
0.00058	0.2
0.0005803999999999999	0.0
0.0005807999999999999	0.0
0.0005811999999999999	0.2
0.0005815999999999999	0.2
0.0005819999999999999	0.6000000000000001
0.0005824	0.6000000000000001
0.0005828	0.6000000000000001
0.0005832	0.6000000000000001
0.0005836	0.6000000000000001
0.000584	0.2
0.0005844	0.4
0.0005848	0.4
0.0005851999999999999	0.4
0.0005855999999999999	0.4
0.0005859999999999999	0.2
0.0005863999999999999	0.4
0.0005868	0.2
0.0005872	0.2
0.0005876	0.4
0.000588	0.0
0.0005884	0.0
0.0005887999999999999	0.2
0.0005891999999999999	0.6000000000000001
0.0005895999999999999	0.4
0.0005899999999999999	0.6000000000000001
0.0005903999999999999	0.4
0.0005907999999999999	0.4
0.0005912	0.2
0.0005916	0.8
0.000592	0.6000000000000001
0.0005924	0.6000000000000001
0.0005928	1.0
0.0005932	0.8
0.0005936	1.0
0.000594	0.6000000000000001
0.0005944	0.6000000000000001
0.0005948	0.6000000000000001
0.0005952	0.4
0.0005956000000000001	0.4
0.0005959999999999999	0.4
0.0005963999999999999	0.2
0.0005967999999999999	0.2
0.0005971999999999999	0.2
0.0005975999999999999	0.0
0.0005979999999999999	0.2
0.0005983999999999999	0.2
0.0005987999999999999	0.2
0.0005991999999999999	0.4
0.0005995999999999999	0.4
0.0006	0.2
0.0006004	0.4
0.0006008	0.4
0.0006012	0.2
0.0006016	0.0
0.000602	0.4
0.0006024	0.4
0.0006028	0.4
0.0006032	0.6000000000000001
0.0006036	0.8
0.000604	0.4
0.0006044000000000001	0.8
0.0006048000000000001	0.4
0.0006051999999999999	0.6000000000000001
0.0006055999999999999	0.6000000000000001
0.0006059999999999999	0.6000000000000001
0.0006063999999999999	0.6000000000000001
0.0006067999999999999	0.4
0.0006071999999999999	0.4
0.0006075999999999999	0.2
0.0006079999999999999	0.2
0.0006083999999999999	0.2
0.0006087999999999999	0.2
0.0006092	0.4
0.0006096	0.0
0.00061	0.2
0.0006104	0.2
0.0006108	0.2
0.0006112	0.4
0.0006116	0.6000000000000001
